1666345581.287146600 -0.00098100281
1666345581.766504000 -0.00097812666
1666345582.182792400 -0.00097927055
1666345582.716459500 -0.00097847939
1666345583.146419500 -0.00097744819
1666345583.654785000 -0.00098240969
1666345584.070152000 -0.00097741431
1666345584.564537000 -0.00097433041
1666345584.996187400 -0.00097994145
1666345585.545730000 -0.00098178606
1666345586.025934500 -0.00097257475
1666345586.566265000 -0.00097360602
1666345586.966228000 -0.00097268156
1666345587.462299000 -0.00097995286
1666345587.872826600 -0.00098169642
1666345588.357657000 -0.00097839977
1666345588.742266000 -0.00098041818
1666345589.196427000 -0.0009745874
1666345589.608841400 -0.00097389793
1666345590.060293000 -0.00097846729
1666345590.427300500 -0.00098091736
1666345591.877719400 -0.00097366219
1666345592.295513000 -0.00096917141
1666345592.714329000 -0.00097151549
1666345593.113127500 -0.00097085303
1666345593.492980000 -0.00096635101
1666345594.155002000 -0.00096787576
1666345594.868609400 -0.00097695272
1666345595.545301000 -0.00097283709
1666345596.358486000 -0.00096113625
1666345597.070591000 -0.00096065341
1666345597.751510000 -0.00096065941
1666345598.573232400 -0.00096709665
1666345599.517241500 -0.00097180152
1666345600.474804000 -0.00096840947
1666345601.981261000 -0.00096014008
1666345602.927169600 -0.0009595899
1666345603.881688600 -0.00096703501
1666345604.513165500 -0.00097267586
1666345606.072459500 -0.00098416233
1666345606.743002000 -0.00097802235
1666345607.346546400 -0.00097985566
1666345607.944934000 -0.00097688427
1666345608.533011400 -0.00097313436
1666345609.059412500 -0.00096793764
1666345609.602682000 -0.00097041565
1666345610.073394000 -0.00096899777
1666345610.579411000 -0.00096877449
1666345610.925615000 -0.00096955424
1666345611.342694000 -0.00096628006
1666345611.771395400 -0.00096708135
1666345612.163042000 -0.00096566242
1666345612.573574000 -0.00096010038
1666345613.207415600 -0.00095906388
1666345613.607485000 -0.00096193905
1666345613.998060000 -0.00096183753
1666345614.446522500 -0.00096082175
1666345614.918213000 -0.00096734794
1666345615.382985000 -0.00096972677
1666345615.842827000 -0.00096357556
1666345616.375662600 -0.00096181146
1666345616.805687400 -0.00096817355
1666345617.252212000 -0.00096202909
1666345617.700358400 -0.00095754996
1666345618.161618500 -0.00096240977
1666345619.403479600 -0.00096136023
1666345619.878298000 -0.00096674776
1666345620.277431000 -0.00096683175
1666345620.803348500 -0.00096917519
1666345621.240738400 -0.00097350409
1666345621.754994000 -0.00096766156
1666345622.238835600 -0.00097136275
1666345622.777693500 -0.00097409292
1666345623.281706600 -0.00097030349
1666345623.810903500 -0.00096535828
1666345624.294964000 -0.00096594746
1666345624.984119400 -0.0009635982
1666345625.617325000 -0.00096284662
1666345626.445281000 -0.00095500256
1666345627.189612400 -0.0009528778
1666345628.123176000 -0.00094687339
1666345628.846896400 -0.00094547804
1666345629.486183000 -0.00094519154
1666345630.133310000 -0.00094555644
1666345631.596491600 -0.00094566954
1666345632.337798600 -0.00094922975
1666345632.972090500 -0.0009441385
1666345633.641677000 -0.00094405457
1666345634.277092000 -0.00094535539
1666345634.798790000 -0.00094333634
1666345635.311327000 -0.0009432126
1666345635.829332000 -0.00094428327
1666345636.679337500 -0.00094283104
1666345637.239624000 -0.00094676611
1666345637.679179400 -0.00094370457
1666345638.196452600 -0.00094505626
1666345638.694951000 -0.00094336848
1666345639.206881500 -0.00094028591
1666345639.626501000 -0.00093762222
1666345640.140894000 -0.00094024697
1666345640.594606400 -0.00094451342
1666345641.179599000 -0.00093646243
1666345642.461330400 -0.00094210834
1666345643.288559400 -0.00093590765
1666345643.787272500 -0.0009390362
1666345644.498294600 -0.00093953614
1666345644.980363000 -0.00093417603
1666345645.473426000 -0.00093847077
1666345645.946618600 -0.00093413674
1666345646.494937400 -0.0009354098
1666345646.941581000 -0.00093616615
1666345647.435541400 -0.00093587954
1666345647.963025600 -0.00093524024
1666345648.483550500 -0.00093843078
1666345649.000747400 -0.00093978149
1666345649.475067000 -0.00093943358
1666345650.020342000 -0.00093855296
1666345650.636085500 -0.00093760568
1666345651.228280000 -0.00094167766
1666345651.761769000 -0.00094072404
1666345653.106327000 -0.00093328347
1666345653.731285000 -0.00093936775
1666345654.197115400 -0.00093950797
1666345654.735021000 -0.00093869446
1666345655.329179000 -0.00094600493
1666345656.163489600 -0.00094176136
1666345656.965078000 -0.00093945186
1666345658.128837000 -0.00093868905
1666345658.874937000 -0.00094602932
1666345659.615334500 -0.00094394916
1666345660.350555400 -0.00093823642
1666345660.981150400 -0.00093841413
1666345661.627636000 -0.00094242394
1666345662.234880000 -0.00094786182
1666345662.889658500 -0.00094245066
1666345663.638997600 -0.00093761733
1666345664.444459400 -0.00094750192
1666345665.946625000 -0.00095671834
1666345666.946585000 -0.00095754786
1666345667.842065000 -0.00094926718
1666345668.439433000 -0.00094397494
1666345669.056600000 -0.00094455277
1666345669.597879400 -0.00094813987
1666345670.200952000 -0.00095022639
1666345671.097745400 -0.00095453206
1666345672.110339000 -0.00095814146
1666345673.626332000 -0.0009426559
1666345674.580894500 -0.00093690434
1666345675.396280000 -0.00094507891
1666345676.231002000 -0.00094140199
1666345677.030995600 -0.00094354904
1666345677.764774600 -0.00093849289
1666345679.222967400 -0.00094845629
1666345679.911791000 -0.00095152314
1666345680.663516000 -0.00094856194
1666345681.207780000 -0.00095425296
1666345681.715416400 -0.00095187617
1666345682.294760000 -0.00095206604
1666345682.982450500 -0.00095651677
1666345683.492030000 -0.0009548291
1666345683.953796000 -0.00095189078
1666345684.505681000 -0.00095408887
1666345684.979768500 -0.00095085951
1666345685.494519000 -0.0009528895
1666345686.133630000 -0.00095804117
1666345687.156199000 -0.00096549286
1666345688.245376000 -0.00096865516
1666345689.116434000 -0.0009618937
1666345690.046994400 -0.00096202194
1666345690.804858000 -0.00096170895
1666345691.657902500 -0.00095608464
1666345693.281027000 -0.00095638895
1666345694.192589000 -0.00095254363
1666345694.995952000 -0.00095794228
1666345695.859466600 -0.00095482502
1666345696.485163500 -0.00095627719
1666345696.946012000 -0.00095961877
1666345697.469472000 -0.00096020196
1666345698.074948000 -0.00096112554
1666345698.640745000 -0.00095156115
1666345699.101830500 -0.00095254724
1666345699.571812000 -0.00095136976
1666345700.059307600 -0.00095851225
1666345700.603893000 -0.00095718965
1666345701.138137600 -0.00095940306
1666345702.087909000 -0.00096813298
1666345703.460761000 -0.00095945405
1666345704.415762400 -0.00095339899
1666345705.333320600 -0.00095777807
1666345707.129149000 -0.0009606008
1666345708.062808000 -0.00095562218
1666345709.032551500 -0.00096536137
1666345709.930730000 -0.00096516428
1666345710.854678000 -0.00097024359
1666345711.560084000 -0.00096539268
1666345712.104306500 -0.00096142833
1666345712.698050500 -0.00095857354
1666345713.138250600 -0.00095919584
1666345713.871228500 -0.00095714797
1666345714.367906000 -0.00096509815
1666345714.829034000 -0.00096698239
1666345715.385496000 -0.00096298498
1666345715.897957600 -0.00096782413
1666345716.514162500 -0.00096660265
1666345717.208970000 -0.0009666594
1666345717.720720500 -0.00097189692
1666345718.185910500 -0.00097157684
1666345718.719275500 -0.00096995156
1666345719.262039400 -0.00096588593
1666345720.552517000 -0.00096409809
1666345721.094925400 -0.00096763571
1666345721.580327500 -0.00096816319
1666345722.142341000 -0.00096576416
1666345722.603646000 -0.00096167094
1666345723.184076000 -0.00096399704
1666345723.681828000 -0.00096475391
1666345724.193078000 -0.00096269627
1666345724.709710000 -0.00095891755
1666345725.280281000 -0.00096827484
1666345725.789078000 -0.00097332028
1666345726.424589000 -0.00097306794
1666345726.911255600 -0.00096833048
1666345727.403617400 -0.00096482079
1666345727.953628500 -0.0009633071
1666345728.485668000 -0.00096290879
1666345729.096138500 -0.00096041954
1666345729.762852000 -0.00095433195
1666345730.472587600 -0.00096197304
1666345732.566954000 -0.00096165331
1666345734.009129500 -0.00096059492
1666345734.988383500 -0.00096823054
1666345735.928316600 -0.00096293824
1666345736.937197000 -0.00095654198
1666345737.985047000 -0.00097255816
1666345739.018202000 -0.00097143603
1666345739.986048500 -0.00097104901
1666345740.847269500 -0.00096947298
1666345741.694573400 -0.00097479956
1666345742.345065000 -0.00097246835
1666345742.846025500 -0.0009712631
1666345743.418201000 -0.00097246893
1666345743.933563000 -0.00097112288
1666345744.508937600 -0.00096429471
1666345745.047826000 -0.00096488412
1666345745.659748000 -0.00096195762
1666345746.252786400 -0.00097489788
1666345746.861680000 -0.00096871326
1666345748.411999500 -0.00097537308
1666345749.195684000 -0.00098350132
1666345749.983997600 -0.00097833143
1666345750.711163000 -0.00097742304
1666345751.539563400 -0.00097398699
1666345752.338443000 -0.00096781919
1666345753.155406000 -0.00096715253
1666345754.374710600 -0.00096944196
1666345755.268975500 -0.00097248075
1666345756.012069000 -0.00096719922
1666345756.916682500 -0.0009595055
1666345757.726660500 -0.00096306583
1666345758.318438000 -0.00096820673
1666345758.881395000 -0.00096853741
1666345759.448558000 -0.00096411846
1666345760.213970000 -0.0009670126
1666345760.794518500 -0.00096614967
1666345761.344112000 -0.0009675902
1666345761.940110400 -0.00096605445
1666345762.456250000 -0.00097136339
1666345763.851996400 -0.00097351003
1666345764.380030400 -0.00097541657
1666345764.912423600 -0.00096918171
1666345765.445126000 -0.00097722735
1666345765.983985000 -0.00097160949
1666345766.539205000 -0.00097938627
1666345767.089327600 -0.00096925482
1666345767.616928000 -0.00096391747
1666345768.210953000 -0.00096823467
1666345768.702011000 -0.00097015756
1666345769.218007600 -0.00097385276
1666345769.760095000 -0.00097202434
1666345770.308592000 -0.00097153627
1666345770.825230600 -0.0009725737
1666345771.419144400 -0.00097827043
1666345771.935152500 -0.00097907847
1666345772.454084000 -0.00096971454
1666345772.931961500 -0.00096393394
1666345773.577203500 -0.00096159661
1666345774.483967500 -0.00097300613
1666345775.802268000 -0.00097267999
1666345777.425798000 -0.0009654545
1666345778.337316500 -0.00096680439
1666345779.093605000 -0.00096371031
1666345779.923610000 -0.00096503837
1666345780.762800500 -0.00096879667
1666345781.486033400 -0.00096906518
1666345782.271951400 -0.00097019732
1666345783.105856400 -0.00096954772
1666345783.836772000 -0.00097297365
1666345784.706164000 -0.00096911576
1666345785.540300600 -0.00097878126
1666345786.329218000 -0.00097920676
1666345787.152255500 -0.00097810745
1666345787.988980000 -0.00097161392
1666345788.713448000 -0.00097395742
1666345789.545179000 -0.00097561203
1666345790.350288000 -0.00097614533
1666345791.086058600 -0.00097388506
1666345791.851016500 -0.00097596634
1666345793.449028000 -0.00097685761
1666345794.463461000 -0.000978578
1666345795.494118000 -0.00096764532
1666345797.164318600 -0.00096804858
1666345798.263461600 -0.00097228802
1666345799.972805000 -0.00096267893
1666345801.120805500 -0.00096770236
1666345802.298793000 -0.00096865563
1666345803.407587500 -0.00096398004
1666345804.543197400 -0.00096419838
1666345805.518877500 -0.00096673274
1666345806.452743000 -0.00097371265
1666345807.223982600 -0.00098226196
1666345807.992251000 -0.00098693778
1666345808.668524500 -0.00097939151
1666345809.313050000 -0.00097906077
1666345809.974035500 -0.00098018802
1666345810.607182000 -0.00097380771
1666345811.262437000 -0.00097841024
1666345812.675068600 -0.00097473856
1666345813.335643000 -0.0009814105
1666345814.085543400 -0.00097883143
1666345814.863523500 -0.00098154438
1666345815.665740000 -0.0009762632
1666345816.580202000 -0.00098510482
1666345817.414011500 -0.00098599016
1666345818.676453000 -0.000988496
1666345819.586686000 -0.00098392728
1666345820.541122000 -0.00098069769
1666345821.447740600 -0.00098194205
1666345822.409246400 -0.00096847635
1666345823.330450000 -0.00098177523
1666345824.218840600 -0.00098139339
1666345825.139231400 -0.00097759219
1666345826.038025600 -0.0009745587
1666345827.720019600 -0.00097760384
1666345828.522516500 -0.00098155113
1666345829.291027000 -0.00098063156
1666345830.077238000 -0.00097619771
1666345830.819728000 -0.000979512
1666345831.575548400 -0.00098052621
1666345832.683700600 -0.00097449316
1666345833.446849600 -0.00098770659
1666345834.234744000 -0.00098062528
1666345834.842912000 -0.00097968371
1666345835.285790400 -0.00098082749
1666345835.679354400 -0.00098541402
1666345836.207488000 -0.00098386116
1666345836.855177000 -0.00098110223
1666345837.309257000 -0.00098612008
1666345837.717846400 -0.00098781823
1666345838.096308500 -0.00098684838
1666345838.533213600 -0.00098894467
1666345838.955219500 -0.00098563137
1666345839.372623000 -0.00098084263
1666345839.787110000 -0.0009744126
1666345840.536330000 -0.00097706541
1666345841.387745600 -0.00097777171
1666345842.981938000 -0.00098572241
1666345843.747983000 -0.00097505323
1666345844.630548500 -0.00097427273
1666345845.460164500 -0.00097117911
1666345846.858876500 -0.00097708718
1666345847.750678000 -0.000976471
1666345848.671918000 -0.00098118093
1666345849.587775000 -0.00097553449
1666345850.582290400 -0.00096867193
1666345851.385354000 -0.00097472715
1666345852.213876000 -0.00097694853
1666345853.065741000 -0.00098072132
1666345853.848985000 -0.00097782852
1666345854.701017600 -0.00098537561
1666345855.558599000 -0.00098374276
1666345856.339147000 -0.0009833948
1666345857.116199000 -0.00097695319
1666345858.677788000 -0.00097286573
1666345859.491481500 -0.00096777501
1666345860.513457000 -0.00097213709
1666345861.073288000 -0.00096982223
1666345861.745196600 -0.00097498111
1666345862.707845000 -0.00097049534
1666345863.829694000 -0.00096987275
1666345864.564167000 -0.00096947479
1666345865.299516000 -0.0009690373
1666345866.067813000 -0.00096572208
1666345866.908434000 -0.00097433978
1666345867.640327000 -0.0009753097
1666345868.379127000 -0.00097999536
1666345869.190457600 -0.00098175008
1666345869.983463000 -0.00096820411
1666345870.718248600 -0.00097966986
1666345872.246225600 -0.00097708637
1666345872.903508400 -0.00098376442
1666345873.432046400 -0.0009854798
1666345874.173164000 -0.00098289608
1666345874.802024000 -0.00097792281
1666345875.305425000 -0.00097875309
1666345875.972100000 -0.00098153402
1666345876.731472000 -0.00097902736
1666345877.490152000 -0.00097312365
1666345878.324259500 -0.00096632872
1666345879.186540000 -0.00096675934
1666345879.897952600 -0.00096369855
1666345880.627501000 -0.00096488575
1666345881.300466500 -0.056315921
1666345882.083622500 -0.056322366
1666345882.872962500 -0.056306511
1666345883.616867500 -0.056310233
1666345884.351467000 -0.056312028
1666345885.069931500 -0.056311779
1666345885.764840000 -0.056311592
1666345887.144766000 -0.056311477
1666345887.703599000 -0.056313638
1666345888.550574500 -0.05631309
1666345889.023449000 -0.05631106
1666345889.451760000 -0.05630812
1666345889.966570000 -0.056307875
1666345890.418576500 -0.056311909
1666345890.975471000 -0.056315325
1666345891.808064000 -0.05630729
1666345892.711990600 -0.056310263
1666345893.472553500 -0.056312162
1666345894.283122000 -0.0563129
1666345895.111869000 -0.056320038
1666345895.836109000 -0.056313556
1666345896.689079500 -0.056312218
1666345897.511471500 -0.056311544
1666345898.236873000 -0.056302961
1666345899.039814500 -0.056306697
1666345899.899298400 -0.056305148
1666345900.703115000 -0.056307428
1666345901.482759000 -0.015911933
1666345903.650459500 -0.00096150709
1666345904.581074500 -0.00096873322
1666345905.490050600 -0.0009646414
1666345906.540286500 -0.00097361166
1666345907.485960500 -0.00097732316
1666345908.428944600 -0.00096728781
1666345909.405614000 -0.00097147113
1666345910.331303600 -0.00096430001
1666345911.255408500 -0.0009695586
1666345911.977187000 -0.00097655563
1666345912.479900600 -0.00097198086
1666345913.049409000 -0.00096721452
1666345913.784147500 -0.0009704777
1666345914.393409500 -0.00097012927
1666345914.871418000 -0.00096620031
1666345915.411126600 -0.00096709788
1666345915.902257000 -0.00096219237
1666345916.483002400 -0.00095937843
1666345917.683294000 -0.00096024893
1666345918.491932400 -0.00096811412
1666345920.085640400 -0.00097638194
1666345920.847893000 -0.0009713585
1666345921.758297000 -0.00096577877
1666345922.623337000 -0.00096682669
1666345923.500315000 -0.00097326969
1666345924.377110500 -0.00097239
1666345925.246875000 -0.00095943763
1666345926.232648000 -0.00096220674
1666345927.176474000 -0.00096239609
1666345927.871278500 -0.00096369081
1666345929.243401500 -0.00096741895
1666345929.945351000 -0.00096029998
1666345930.705212000 -0.00095689169
1666345931.828142400 -0.0009630493
1666345932.923678400 -0.00096603786
1666345934.044833400 -0.00096987718
1666345935.819050600 -0.00097264606
1666345936.872758000 -0.00097771536
1666345937.881149000 -0.00097670185
1666345938.600389500 -0.00097494223
1666345939.373200400 -0.00097550818
1666345940.122757000 -0.00097335526
1666345940.860842000 -0.00096805737
1666345941.631962000 -0.00096976088
1666345942.478793000 -0.0009650453
1666345943.344392000 -0.00096629001
1666345944.100546600 -0.00097190851
1666345944.874186000 -0.00097767112
1666345945.565819000 -0.00097228971
1666345946.412005000 -0.00097425655
1666345947.136518000 -0.00098102971
1666345947.816252500 -0.00096767949
1666345948.566882600 -0.00096824032
1666345949.324798600 -0.00097474462
1666345949.951713600 -0.00097519829
1666345950.671012000 -0.00098154461
1666345951.999713000 -0.00096945133
1666345953.162147500 -0.00096042961
1666345953.923854600 -0.00096389453
1666345954.713299000 -0.00097310077
1666345955.485356000 -0.00097833807
1666345956.381606600 -0.0009669229
1666345957.176201600 -0.00096209528
1666345958.048098600 -0.00097305642
1666345958.965017000 -0.00097075693
1666345959.839621000 -0.00097352092
1666345960.699866000 -0.00097886939
1666345961.550228000 -0.00097164285
1666345962.422707000 -0.00097532669
1666345963.351934000 -0.00097464252
1666345964.369998000 -0.00096896297
1666345965.286462500 -0.00097749417
1666345966.227803000 -0.00096776191
1666345968.028459000 -0.00097598665
1666345968.844862500 -0.00096858095
1666345969.686198000 -0.00098403287
1666345970.544781000 -0.00097489438
1666345971.401684000 -0.00097973912
1666345972.312503600 -0.00097967719
1666345973.321236600 -0.00098118
1666345974.165646600 -0.00097894913
1666345975.441203000 -0.00097493513
1666345976.351383000 -0.00097674655
1666345977.186402600 -0.00097846752
1666345978.079865500 -0.00098238455
1666345979.023759000 -0.00098173425
1666345979.854032500 -0.00098382018
1666345980.662493500 -0.00098686933
1666345981.507835000 -0.00098104973
1666345983.079066500 -0.00097598205
1666345983.941478000 -0.00096720801
1666345984.725559500 -0.00097180507
1666345985.458492000 -0.00096967514
1666345986.268923500 -0.00096051412
1666345987.034537600 -0.00097662106
1666345987.768902000 -0.00098065136
1666345988.559273500 -0.00097955775
1666345989.238926000 -0.00097224792
1666345989.915669000 -0.00097801071
1666345990.643735000 -0.00097819627
1666345991.476816400 -0.00097244425
1666345992.348784400 -0.00097611087
1666345993.345171000 -0.00097324635
1666345994.638787000 -0.00097089697
1666345995.455446000 -0.0009765873
1666345997.639254600 -0.00097211928
1666345998.490790000 -0.00097335345
1666345999.473408500 -0.00096855412
1666346000.417577000 -0.00096355902
1666346001.365423000 -0.00097572635
1666346002.324010000 -0.00096574629
1666346003.129728000 -0.00097221602
1666346003.889625000 -0.00097850105
1666346004.566564600 -0.00097718323
1666346005.199232600 -0.00097888871
1666346005.898070600 -0.0009697894
1666346006.603225500 -0.00096670591
1666346007.252020000 -0.00096614572
1666346007.966860000 -0.00096833764
1666346008.622027000 -0.00096875179
1666346009.231769000 -0.00097175635
1666346009.819055000 -0.00097120646
1666346010.352385000 -0.00097709917
1666346011.007184000 -0.00097680732
1666346011.596259000 -0.00096955628
1666346012.168636600 -0.00097805005
1666346013.516548000 -0.00096374261
1666346014.429046400 -0.00096097827
1666346015.321775000 -0.00096866081
1666346016.195586400 -0.00096207939
1666346017.129618000 -0.00097500742
1666346018.307871000 -0.00096975494
1666346019.242822000 -0.00097753608
1666346020.109332600 -0.00098233554
1666346020.873810000 -0.00097660022
1666346021.708733600 -0.00098054099
1666346022.548568000 -0.0009816339
1666346023.334701500 -0.00098232878
1666346024.168259000 -0.00098098803
1666346024.990661400 -0.00097899209
1666346025.711322000 -0.00097915414
1666346026.516708600 -0.0009826821
1666346027.307610000 -0.00097403163
1666346028.033395000 -0.00098137511
1666346028.788893500 -0.00098409445
1666346029.509130500 -0.00098051794
1666346030.173999500 -0.00096716307
1666346031.662574000 -0.00097915728
1666346032.815032000 -0.00097142719
1666346033.666745000 -0.00097013818
1666346034.317878500 -0.00097118027
1666346035.118998500 -0.00096088601
1666346035.919800000 -0.00095969625
1666346036.744377000 -0.00095517177
1666346037.577661500 -0.00095648289
1666346038.370704000 -0.00096376531
1666346039.155820000 -0.00096783513
1666346040.038072000 -0.00097261218
1666346040.836586500 -0.00098184135
1666346041.580126000 -0.00097650889
1666346042.401881500 -0.0009728428
1666346043.229138600 -0.00097226549
1666346043.981386000 -0.00097036373
1666346044.802086000 -0.00097004912
1666346045.566715000 -0.00096776756
1666346047.223526500 -0.00097672828
1666346048.413700000 -0.00098132133
1666346049.200977600 -0.00098501507
1666346049.953740600 -0.00098760589
1666346050.795768000 -0.00097682443
1666346051.663503400 -0.00097987393
1666346052.441693500 -0.00097649317
1666346053.276876400 -0.00097653229
1666346054.096972000 -0.00097358332
1666346054.812293500 -0.00096396875
1666346055.663645500 -0.00096966431
1666346056.652106000 -0.00096324441
1666346057.584208500 -0.00096521253
1666346058.548346500 -0.00096197712
1666346060.131460400 -0.00096822367
1666346061.024801500 -0.0009697933
1666346062.141058000 -0.0009696089
1666346063.483017400 -0.00095962861
1666346065.238409000 -0.00096149585
1666346066.286460000 -0.00096564437
1666346067.201557400 -0.00096232427
1666346067.987783400 -0.00096050225
1666346068.752267000 -0.00096110214
1666346069.375417500 -0.00095992495
1666346070.031299600 -0.0009641074
1666346070.654007000 -0.00096238038
1666346071.303280000 -0.00095173996
1666346071.957342000 -0.00096134865
1666346072.611104000 -0.00095994177
1666346073.241648000 -0.00095994736
1666346073.872958400 -0.0009662318
1666346074.538983600 -0.00096701772
1666346075.146365000 -0.00096834032
1666346075.962005600 -0.00096773449
1666346076.827556600 -0.00096083287
1666346077.915408000 -0.00096811564
1666346078.656287000 -0.00095898227
1666346079.399575000 -0.00096873194
1666346080.123475600 -0.0009687657
1666346080.862284400 -0.00095991831
1666346082.309456600 -0.00096541346
1666346083.042682400 -0.00096590194
1666346083.747834000 -0.00096372119
1666346084.437434000 -0.00097353326
1666346085.127600400 -0.00096767937
1666346085.877792600 -0.00097368943
1666346086.696703000 -0.00096841861
1666346087.472157500 -0.0009653531
1666346088.150645500 -0.00096270704
1666346088.877878000 -0.00096953567
1666346089.595807000 -0.00097296207
1666346090.254163000 -0.00097044493
1666346090.993381000 -0.00097167265
1666346092.066573000 -0.00097154896
1666346092.824786400 -0.00096686644
1666346093.580761000 -0.00097028521
1666346094.309852000 -0.00097118231
1666346095.071785000 -0.00097063847
1666346095.815224000 -0.00096701778
1666346096.353437400 -0.00096256641
1666346097.553676600 -0.0009608409
1666346098.389593000 -0.00095706125
1666346098.821962600 -0.00095784653
1666346099.295702500 -0.00096554408
1666346099.790732000 -0.00096482655
1666346100.264462000 -0.00096919865
1666346100.784337500 -0.00096568948
1666346101.683495000 -0.00095864752
1666346102.659275500 -0.00095520401
1666346103.599126000 -0.00096276723
1666346104.538500000 -0.0009632383
1666346105.933186500 -0.00096028973
1666346107.036030500 -0.00095911836
1666346108.046908600 -0.00095622567
1666346108.996701000 -0.00095529959
1666346109.869328500 -0.00096306449
1666346110.877170000 -0.00096289627
1666346112.317347500 -0.00095917901
1666346112.911299500 -0.00095630286
1666346113.466548000 -0.00095629145
1666346114.171904000 -0.00094687816
1666346114.745544400 -0.00094987755
1666346115.235620500 -0.00095337548
1666346115.786621600 -0.00096050784
1666346116.547617000 -0.00095855107
1666346117.442361000 -0.00096175348
1666346118.255970500 -0.00096296339
1666346119.507131600 -0.00096586772
1666346120.315962600 -0.00096434343
1666346121.120151500 -0.00096062047
1666346121.895522000 -0.00096085056
1666346122.720906500 -0.00096290314
1666346124.465245000 -0.00095481228
1666346125.422637000 -0.00096028484
1666346126.893591000 -0.0009545369
1666346127.496409000 -0.00095970614
1666346128.182336600 -0.0009606604
1666346128.965314000 -0.00095836108
1666346129.578569400 -0.00095367461
1666346130.237857000 -0.00095378113
1666346130.831278000 -0.00096218637
1666346131.557421000 -0.00096513535
1666346132.269129500 -0.00096581964
1666346133.185604000 -0.00096432818
1666346133.754952400 -0.00096116617
1666346134.302185000 -0.00096327462
1666346135.033933000 -0.00095936091
1666346135.512681500 -0.00095858768
1666346137.006209600 -0.00097207108
1666346137.687407000 -0.00096236693
1666346138.377429500 -0.00096473325
1666346139.090017600 -0.00095727597
1666346139.756430400 -0.00095098524
1666346140.464102000 -0.00095134339
1666346141.129288400 -0.00095510529
1666346141.759844500 -0.00096434937
1666346142.501081500 -0.00096035097
1666346143.117457400 -0.00095547491
1666346143.762082600 -0.00096119405
1666346144.427321400 -0.00096803415
1666346145.066002000 -0.00096288777
1666346145.714707600 -0.0009692164
1666346146.444602500 -0.00096394046
1666346147.772824500 -0.00096390018
1666346148.370634000 -0.00096443278
1666346148.823697000 -0.00096996076
1666346149.554463000 -0.00096642895
1666346150.000948400 -0.00096541928
1666346150.471283400 -0.00097221608
1666346150.973961000 -0.00097321876
1666346151.574792400 -0.00097172224
1666346152.054383500 -0.00097637571
1666346152.830000000 -0.00097170484
1666346153.689096500 -0.00097456417
1666346154.867371600 -0.00097454753
1666346155.657140000 -0.00096308923
1666346156.614321000 -0.00097753771
1666346157.397392000 -0.00097256037
1666346158.219726600 -0.00097365963
1666346158.971493500 -0.00098039233
1666346159.764318500 -0.00097964611
1666346160.570229000 -0.00097405654
1666346161.333372600 -0.00097389211
1666346162.820292500 -0.000976449
1666346163.378559000 -0.00097625772
1666346163.930982000 -0.0009841182
1666346164.729171500 -0.00097681792
1666346165.270469000 -0.00097736774
1666346165.750612000 -0.00098048558
1666346166.378910000 -0.00098369713
1666346166.940150500 -0.00098473369
1666346167.482675600 -0.0009753434
1666346167.950260000 -0.00097474363
1666346168.485180600 -0.00096826768
1666346168.977335500 -0.00097597123
1666346169.518347500 -0.00097712001
1666346170.008327000 -0.00097403565
1666346170.583844000 -0.00098162156
1666346171.070170400 -0.00097877381
1666346171.614474500 -0.00098070235
1666346172.096322500 -0.00098228292
1666346172.665701400 -0.00098272006
1666346173.176074000 -0.00098118931
1666346173.697183600 -0.00098012516
1666346174.178268000 -0.00097490568
1666346175.493541500 -0.00097417284
1666346176.396634600 -0.00096622243
1666346176.877542500 -0.00096162519
1666346177.530324000 -0.00096971449
1666346178.089628000 -0.00096601422
1666346178.658394000 -0.00096556003
1666346179.223593000 -0.00096253195
1666346179.803247500 -0.00096405722
1666346180.351791000 -0.00095999794
1666346180.949834600 -0.00096062565
1666346181.492662000 -0.00095827208
1666346182.031095000 -0.00095873181
1666346182.628095400 -0.00095538422
1666346183.286609000 -0.0009627848
1666346183.999217000 -0.00096168678
1666346184.696118600 -0.00096724852
1666346185.364963500 -0.00096743373
1666346186.063329500 -0.00096810097
1666346186.803194500 -0.00096823723
1666346188.322647000 -0.00097599567
1666346189.166892500 -0.00097171852
1666346190.034081500 -0.00096661667
1666346190.968097000 -0.00097179663
1666346192.346168500 -0.0009708702
1666346193.304431400 -0.0009683636
1666346194.274515000 -0.00097248959
1666346195.323563600 -0.00096272334
1666346196.332906000 -0.00095680886
1666346198.023148000 -0.00095275528
1666346198.936317000 -0.00096297608
1666346199.803894000 -0.00096044625
1666346200.606680000 -0.0009604363
1666346201.303893600 -0.00095798058
1666346202.820425000 -0.00096759608
1666346203.556147600 -0.00096221943
1666346204.092002400 -0.00096957461
1666346204.673370600 -0.00097514159
1666346205.256571000 -0.00097365008
1666346206.061741000 -0.00097330229
1666346206.668666600 -0.00096451101
1666346207.214385000 -0.00096063182
1666346207.759485500 -0.0009595661
1666346208.288195000 -0.00095618097
1666346208.810372000 -0.00095976755
1666346209.348502400 -0.00095982919
1666346209.906603000 -0.0009636585
1666346210.459781400 -0.00096121989
1666346211.018201600 -0.00096809951
1666346211.628541000 -0.00097299332
1666346212.188118500 -0.00097494497
1666346212.711829000 -0.00097100355
1666346213.263826000 -0.0009697483
1666346213.816175500 -0.00097477168
1666346214.371676000 -0.00096855324
1666346215.702276500 -0.00096961757
1666346216.332098500 -0.00096720725
1666346216.803509500 -0.00095898728
1666346217.305147400 -0.00096114009
1666346217.839639000 -0.00096003606
1666346218.360666000 -0.00096091628
1666346218.869506600 -0.0009566368
1666346219.645125400 -0.00095867284
1666346220.205932000 -0.00096214848
1666346220.785719400 -0.00095797743
1666346221.367938000 -0.00095855509
1666346221.925242400 -0.00096531207
1666346222.474145400 -0.00096264994
1666346222.998563500 -0.00096063229
1666346223.550838500 -0.00097256305
1666346224.170040600 -0.000971856
1666346224.902084600 -0.00096765102
1666346225.641569000 -0.00097105367
1666346227.185068000 -0.00097232533
1666346227.922089000 -0.00096881052
1666346228.575774400 -0.00096386613
1666346229.326167600 -0.00096277206
1666346230.212477000 -0.00096439687
1666346230.970708600 -0.00096310815
1666346231.812270400 -0.00095937931
1666346232.618362000 -0.00095809094
1666346233.778475500 -0.00096213951
1666346234.524761000 -0.00096041168
1666346235.164048000 -0.00095902727
1666346235.726581600 -0.00096221169
1666346236.560414600 -0.00096776756
1666346237.186609000 -0.00096124725
1666346237.759771600 -0.00096017047
1666346238.441123500 -0.00096311525
1666346239.069733400 -0.00096945057
1666346239.638362000 -0.00096092344
1666346240.162905000 -0.00096580049
1666346240.723697000 -0.00097328558
1666346242.086324000 -0.00097260118
1666346242.627693000 -0.00097480381
1666346243.124858000 -0.00096836785
1666346243.656778600 -0.00097168196
1666346244.128018600 -0.00097496697
1666346244.666783000 -0.00096632744
1666346245.115870000 -0.00096437125
1666346245.660925000 -0.0009746147
1666346246.205312500 -0.00097038678
1666346246.751391000 -0.00096686598
1666346247.225795500 -0.00096845941
1666346247.797676000 -0.00096844754
1666346248.467144500 -0.00097514235
1666346248.991074000 -0.00097488961
1666346249.402940500 -0.00097565167
1666346250.181240000 -0.00097720535
1666346250.874283600 -0.00097178307
1666346251.607994000 -0.00097621791
1666346252.359628400 -0.00097800605
1666346253.842930600 -0.00097044866
1666346254.661940000 -0.00097239303
1666346255.532841400 -0.00097155827
1666346256.552874600 -0.00096622761
1666346257.987097500 -0.00097264192
1666346258.875258400 -0.00097203074
1666346259.747529000 -0.00095955015
1666346260.411266600 -0.00096065458
1666346261.038554000 -0.00096209598
1666346261.990965600 -0.00096402963
1666346262.979321500 -0.00096067169
1666346263.535266000 -0.00096524606
1666346264.190147400 -0.00096166984
1666346264.776225000 -0.00096671621
1666346265.677491400 -0.0009667952
1666346266.438354500 -0.00096181571
1666346267.074759500 -0.00096121646
1666346267.656322500 -0.00096468016
1666346268.197964400 -0.00097261416
1666346268.822969000 -0.000965235
1666346270.066039600 -0.00096850353
1666346270.652243000 -0.00097298867
1666346271.287373500 -0.00097736216
1666346272.010176000 -0.00097187894
1666346272.688419600 -0.00096992729
1666346273.313300000 -0.00097113271
1666346273.894390000 -0.00097113318
1666346274.521531600 -0.000975943
1666346275.129416000 -0.00097814086
1666346275.538581600 -0.00097778218
1666346276.286062500 -0.00097927894
1666346276.698217400 -0.00097272091
1666346277.256209600 -0.00097160519
1666346277.684768000 -0.00097137538
1666346278.131711500 -0.00097596738
1666346278.542386000 -0.00097900606
1666346279.001305000 -0.00097281655
1666346279.387678400 -0.00096576905
1666346279.857632000 -0.0009689306
1666346280.407947000 -0.00097279373
1666346281.138050000 -0.00097266398
1666346281.841296000 -0.00098046241
1666346282.501045500 -0.00098519318
1666346283.127512000 -0.00098456582
1666346284.595166000 -0.00098247046
1666346285.364780000 -0.00097187801
1666346286.017113400 -0.00097038783
1666346286.806697600 -0.00097912701
1666346287.490867600 -0.00098133564
1666346288.134066600 -0.00097136223
1666346288.887212500 -0.00096649595
1666346289.610971500 -0.00096619275
1666346290.362857000 -0.00095866434
1666346291.689740000 -0.00096373295
1666346292.560932000 -0.00096262264
1666346293.405298500 -0.00096317189
1666346294.253863600 -0.00097294344
1666346295.110995000 -0.00096611417
1666346295.961577400 -0.00097290438
1666346296.898095600 -0.00097049359
1666346297.889530000 -0.00096162892
1666346298.757437000 -0.00096074899
1666346299.692035400 -0.00095626345
1666346301.172231000 -0.00096609135
1666346301.686486500 -0.00096219027
1666346302.294468000 -0.00096468488
1666346303.157897500 -0.00096530176
1666346303.754145000 -0.00095768285
1666346304.235361600 -0.00095743645
1666346304.805717500 -0.00097018608
1666346305.755202500 -0.00096692337
1666346306.433350000 -0.00096301036
1666346307.132858500 -0.00096669327
1666346307.712708000 -0.0009633741
1666346308.283484500 -0.00096603687
1666346308.840237000 -0.00096298673
1666346309.523240600 -0.00096216163
1666346310.107396000 -0.00096334529
1666346310.628563400 -0.00096215564
1666346311.429665000 -0.0009691249
1666346311.988152000 -0.00096560409
1666346312.549798500 -0.00096990936
1666346313.160639000 -0.00097043748
1666346314.628520500 -0.00097570743
1666346315.241769600 -0.00096834014
1666346315.754154000 -0.00096601946
1666346316.360032000 -0.0009649776
1666346316.887313600 -0.00097087515
1666346317.459406000 -0.00096642255
1666346318.024777400 -0.00095990271
1666346318.537162500 -0.00096026761
1666346319.365003600 -0.00096149015
1666346319.973549600 -0.00096734345
1666346320.768059500 -0.00097102113
1666346321.486074000 -0.00097102602
1666346322.708223600 -0.00097178208
1666346323.476400000 -0.00096820528
1666346324.236921000 -0.00096399983
1666346324.963515500 -0.00096365251
1666346325.721191400 -0.00096119323
1666346326.602109400 -0.00095879746
1666346327.352303000 -0.00096018921
1666346328.120997400 -0.00096139457
1666346328.886535400 -0.00096099649
1666346330.347432000 -0.00097282563
1666346331.072995400 -0.0009700674
1666346331.715701600 -0.00096423051
1666346332.142554500 -0.00096680404
1666346332.689325000 -0.0009657396
1666346333.323094600 -0.00097090338
1666346333.860988600 -0.0009669846
1666346334.300544000 -0.00096586277
1666346334.820977400 -0.00096186023
1666346335.309479000 -0.00096193788
1666346335.814392600 -0.00096399587
1666346336.399264600 -0.000964551
1666346336.857168400 -0.00096069364
1666346337.328458500 -0.00095889898
1666346337.786370000 -0.00095838925
1666346338.227992500 -0.00096853147
1666346338.676422000 -0.000975164
1666346339.111884000 -0.00097120035
1666346339.562161400 -0.0009693951
1666346340.037745500 -0.0009670353
1666346340.474613400 -0.00097584276
1666346340.901058000 -0.00097487844
1666346341.418445600 -0.00097538892
1666346342.703410000 -0.00097231666
1666346343.160333400 -0.00096907618
1666346343.599957500 -0.00096781465
1666346344.106838000 -0.00097190228
1666346344.530894000 -0.00097316969
1666346345.050052000 -0.00097390404
1666346345.477719500 -0.00097995345
1666346345.988426000 -0.00097127969
1666346346.497602000 -0.00096488884
1666346347.052820000 -0.00097191375
1666346347.517827500 -0.00096756266
1666346348.080618400 -0.00096400792
1666346348.543866000 -0.00096572301
1666346349.123115000 -0.00096490874
1666346349.663566600 -0.00096153986
1666346350.241060000 -0.00097252912
1666346350.777037400 -0.00097024214
1666346351.415558600 -0.00097199803
1666346352.004210000 -0.00097432471
1666346352.847406000 -0.00096047157
1666346354.534605500 -0.00095970684
1666346355.603706600 -0.00095958228
1666346356.453681000 -0.00096580957
1666346357.209213500 -0.00096156611
1666346357.952854400 -0.00096024369
1666346358.707331000 -0.00095790013
1666346359.430998600 -0.0009610125
1666346360.128311000 -0.00096529699
1666346360.897236000 -0.00096883025
1666346361.612350500 -0.00095766148
1666346362.283855000 -0.00095784653
1666346362.958220500 -0.00095951813
1666346363.540160400 -0.00096321828
1666346364.362088400 -0.00096090737
1666346364.931692000 -0.00096066005
1666346365.524917600 -0.00096240384
1666346366.128048400 -0.00096122577
1666346366.966613500 -0.00097029749
1666346367.608302000 -0.0009748998
1666346368.958292000 -0.00096001016
1666346369.608528000 -0.00096517435
1666346370.284091000 -0.00097399851
1666346370.868802500 -0.00097397657
1666346371.429296000 -0.00096939062
1666346372.053053000 -0.00096945703
1666346372.570914500 -0.00097650453
1666346373.068126400 -0.00097656
1666346373.525592600 -0.00097213511
1666346373.974052400 -0.00097455713
1666346374.398172000 -0.00097337976
1666346374.898078000 -0.00097366475
1666346375.290589000 -0.00097574992
1666346375.737578400 -0.0009722914
1666346376.403648000 -0.00097613886
1666346376.902957400 -0.00097130565
1666346377.281079000 -0.00096528413
1666346377.710508600 -0.00096663012
1666346378.093239000 -0.00096882228
1666346378.520246000 -0.00097310648
1666346378.938972000 -0.00096804381
1666346379.389570500 -0.00096938916
1666346379.785544400 -0.00096226344
1666346380.227647500 -0.00096505554
1666346380.632193600 -0.00096476235
1666346381.042914000 -0.00097037386
1666346382.250427000 -0.0009731449
1666346382.897010000 -0.00096272898
1666346383.459647400 -0.00096108072
1666346384.125854000 -0.00095568196
1666346384.720317000 -0.00095868111
1666346385.456960000 -0.00095487543
1666346386.300673500 -0.00095572189
1666346387.546623000 -0.00095844542
1666346388.311925400 -0.0009574077
1666346389.180795400 -0.0009535561
1666346389.954310000 -0.00096080528
1666346390.744746000 -0.00095760904
1666346391.564168500 -0.00097104325
1666346392.386522000 -0.00095902255
1666346393.101130000 -0.00095603487
1666346393.713874000 -0.00095957227
1666346394.316072500 -0.00096696726
1666346395.192225500 -0.00097230991
1666346396.515191600 -0.00097075233
1666346397.315981400 -0.00097338046
1666346397.752868000 -0.00096916378
1666346398.254840000 -0.00097027421
1666346398.744395500 -0.00096391165
1666346399.266274000 -0.0009592023
1666346399.768217000 -0.00096214045
1666346400.304695600 -0.00096454052
1666346400.816802000 -0.00096135546
1666346401.293094400 -0.00096318312
1666346401.864290000 -0.000953827
1666346402.352314000 -0.00096047641
1666346402.846455600 -0.00095863099
1666346403.376952000 -0.00095623615
1666346403.855504500 -0.00096185389
1666346404.351291000 -0.00095967867
1666346404.823271500 -0.00096033519
1666346405.307253000 -0.00095588865
1666346405.781413000 -0.00095770496
1666346406.299006000 -0.00095255882
1666346406.774424600 -0.00095673022
1666346407.225510600 -0.00095334457
1666346407.671497600 -0.00095480832
1666346408.127029400 -0.0009573414
1666346409.299026000 -0.00096054305
1666346409.788482000 -0.00096145691
1666346410.233653500 -0.00096400169
1666346410.675295000 -0.00096183183
1666346411.110446500 -0.0009573634
1666346411.546015500 -0.00095935311
1666346411.981921400 -0.00096657436
1666346412.407954000 -0.00097033073
1666346412.845967500 -0.00096781959
1666346413.221482500 -0.00096721965
1666346413.816668500 -0.00096615491
1666346414.344961000 -0.00096593599
1666346414.954651600 -0.00096640189
1666346415.502705000 -0.00095909671
1666346416.076346000 -0.0009643166
1666346416.685711400 -0.00096418214
1666346417.225394000 -0.00096437283
1666346417.777576400 -0.00096290896
1666346418.640062600 -0.0009599374
1666346419.194280400 -0.00096149114
1666346419.710650400 -0.00096165866
1666346420.313031400 -0.00096173154
1666346420.836733600 -0.00096312066
1666346421.398091600 -0.00096276187
1666346421.968990000 -0.00096441538
1666346422.518776000 -0.00096425344
1666346423.078319000 -0.00096492004
1666346424.235330000 -0.00096452131
1666346424.649471000 -0.00096520997
1666346425.007795000 -0.000963445
1666346425.436657400 -0.0009627504
1666346425.785074000 -0.00096018211
1666346426.370739500 -0.00096212229
1666346426.788085000 -0.0009603948
1666346427.206906000 -0.00096038351
1666346427.647938000 -0.00095829228
1666346428.195791000 -0.0009595094
1666346428.604845000 -0.00095722853
1666346429.023596500 -0.00095227233
1666346429.463990000 -0.00095832127
1666346429.914703600 -0.00095813081
1666346430.466114000 -0.00095737388
1666346430.889500600 -0.00095822039
1666346431.318227500 -0.00096145074
1666346431.713106000 -0.00096255518
1666346432.371726500 -0.0009621174
1666346432.789479000 -0.00095866394
1666346433.219871000 -0.00095712784
1666346433.650989500 -0.00095651677
1666346434.143794500 -0.00096261554
1666346434.609465600 -0.00096603105
1666346435.106993400 -0.00096458412
1666346435.601346000 -0.00096137746
1666346436.063858000 -0.00096037943
1666346437.384296400 -0.00095737487
1666346437.873250000 -0.00095508737
1666346438.269092600 -0.00096637872
1666346438.745225000 -0.00096971396
1666346439.146521000 -0.00096994964
1666346439.653693400 -0.00097359903
1666346440.088236000 -0.00097182236
1666346440.600923000 -0.0009645393
1666346441.045620000 -0.00096211728
1666346441.447246000 -0.00096798199
1666346441.939782000 -0.00096775813
1666346442.348879000 -0.00096643594
1666346442.862167000 -0.00097341667

