1666345581.604068000 20.533993
1666345582.556507000 20.443474
1666345583.521293000 20.175295
1666345584.446930000 20.489441
1666345585.373279000 20.233294
1666345586.385266000 20.178926
1666345587.341513000 20.508802
1666345588.251242000 20.555513
1666345589.111491000 20.670794
1666345589.985912000 20.361099
1666345591.824886000 20.20155
1666345592.877932000 21.028532
1666345593.864320000 20.863508
1666345594.870867000 20.814053
1666345595.922377000 20.899111
1666345597.074781000 20.527273
1666345598.130483000 20.148724
1666345599.419777000 20.439268
1666345600.850288000 21.336227
1666345602.358755000 20.974295
1666345603.811052000 19.611965
1666345604.888273000 20.73085
1666345606.448830000 20.404072
1666345607.720192000 20.513077
1666345608.603746000 20.716408
1666345609.733030000 20.7132
1666345610.702172000 20.1453
1666345611.717067000 20.528879
1666345612.540690000 20.658192
1666345613.587543000 20.923052
1666345614.372995000 21.211332
1666345615.295650000 20.612276
1666345616.240469000 20.70594
1666345617.185457000 21.054688
1666345618.073629000 20.852058
1666345619.771444000 20.72888
1666345620.651930000 20.099319
1666345621.614854000 20.392363
1666345622.612966000 20.676807
1666345623.651805000 20.515884
1666345624.668788000 19.702347
1666345625.992026000 20.239254
1666345627.166895000 20.154442
1666345628.496696000 20.190599
1666345629.517900000 20.573801
1666345630.509634000 20.703241
1666345632.326858000 21.11075
1666345633.350969000 20.649925
1666345634.309036000 20.571306
1666345635.175536000 20.240585
1666345636.212194000 20.239988
1666345637.356771000 20.789152
1666345638.316153000 21.134401
1666345639.315602000 20.580091
1666345640.259438000 20.679861
1666345641.259668000 20.725163
1666345643.402162000 20.074223
1666345644.429997000 20.658236
1666345645.358127000 20.676435
1666345646.346832000 20.936424
1666345647.318763000 20.793192
1666345648.338170000 20.230154
1666345649.376720000 20.270678
1666345650.397461000 20.468035
1666345651.290837000 20.987526
1666345652.423213000 20.776661
1666345653.809317000 20.74967
1666345654.820277000 21.068241
1666345656.111558000 20.930628
1666345657.798620000 20.264334
1666345658.887430000 20.891157
1666345659.994690000 20.852034
1666345661.041913000 20.27379
1666345662.005644000 21.145496
1666345663.265769000 20.614428
1666345664.390770000 20.506905
1666345666.318208000 20.454384
1666345667.623303000 20.671574
1666345668.814342000 20.867945
1666345669.972245000 20.420424
1666345671.473160000 21.018906
1666345674.003646000 20.820253
1666345675.395642000 20.615042
1666345676.607793000 20.487019
1666345677.784573000 21.052517
1666345679.598522000 20.679008
1666345680.692883000 20.454668
1666345681.585691000 20.087349
1666345682.644484000 20.574537
1666345683.583983000 20.766394
1666345684.587617000 20.475288
1666345685.596542000 20.053152
1666345687.049017000 20.61861
1666345688.623830000 20.102625
1666345689.921769000 20.261568
1666345691.179517000 20.377296
1666345692.482065000 20.10955
1666345694.137955000 21.082994
1666345695.370421000 20.587803
1666345696.531710000 20.382339
1666345697.552689000 20.491003
1666345698.686520000 20.435022
1666345699.703186000 21.115879
1666345700.677969000 20.657124
1666345702.003739000 20.535553
1666345703.833132000 20.416637
1666345705.242236000 20.997732
1666345707.502982000 20.467712
1666345708.927410000 20.525942
1666345710.304964000 20.869312
1666345711.633524000 20.325279
1666345712.710644000 20.561934
1666345713.971025000 20.891453
1666345714.952405000 20.711275
1666345716.006676000 21.036524
1666345717.350900000 20.957855
1666345718.323718000 20.7675
1666345719.341954000 20.497723
1666345721.202765000 21.293699
1666345722.190861000 19.894243
1666345723.236794000 20.322046
1666345724.292933000 21.197809
1666345725.332061000 20.241217
1666345726.426696000 20.37406
1666345727.292489000 20.406099
1666345728.328251000 20.598757
1666345729.472306000 20.89105
1666345730.484531000 20.624138
1666345733.381288000 20.920479
1666345734.863746000 20.872746
1666345736.303273000 20.573656
1666345737.838218000 20.710501
1666345739.393332000 20.153639
1666345740.784977000 20.268793
1666345742.069271000 20.456516
1666345743.219879000 20.296764
1666345744.306022000 20.27264
1666345745.422633000 19.94545
1666345746.626704000 20.244337
1666345748.785237000 20.753122
1666345749.952840000 21.084124
1666345751.090242000 20.867321
1666345752.292713000 20.430347
1666345753.533915000 20.178289
1666345755.186111000 20.253311
1666345756.905506000 20.899286
1666345758.101065000 20.9895
1666345759.257922000 21.142632
1666345760.587908000 20.617144
1666345761.718886000 20.244335
1666345762.830380000 20.817656
1666345764.224730000 20.319035
1666345765.287548000 20.522978
1666345766.357112000 20.388361
1666345767.463727000 20.306896
1666345768.587386000 20.566286
1666345769.594332000 20.048429
1666345770.681891000 20.709913
1666345771.793055000 20.566238
1666345772.827777000 20.427376
1666345773.953465000 20.65592
1666345775.334891000 20.052422
1666345776.557803000 20.865477
1666345778.280249000 20.417744
1666345779.468446000 20.492825
1666345780.697637000 20.250092
1666345781.865067000 20.337698
1666345783.063497000 21.313236
1666345784.215738000 20.685112
1666345785.484881000 20.232927
1666345786.706813000 20.699324
1666345787.918026000 21.21224
1666345789.090731000 21.143757
1666345790.292297000 20.00671
1666345791.467482000 20.837749
1666345792.631006000 20.320194
1666345794.312112000 20.298149
1666345795.869155000 20.465963
1666345798.050381000 20.661024
1666345800.348973000 20.503811
1666345802.077419000 20.357967
1666345803.781407000 20.326271
1666345805.420811000 20.732042
1666345806.828217000 20.762897
1666345807.976705000 21.173761
1666345809.045720000 20.496946
1666345810.015919000 20.380741
1666345810.985907000 20.782774
1666345812.689354000 19.876181
1666345813.712942000 20.565346
1666345814.824709000 20.475714
1666345816.038083000 20.783598
1666345817.349065000 21.078426
1666345819.050937000 21.094934
1666345820.454497000 20.964437
1666345821.822682000 20.020697
1666345823.239444000 20.320669
1666345824.590851000 20.31418
1666345825.944607000 20.827858
1666345828.091754000 20.00765
1666345829.271756000 20.518457
1666345830.451637000 21.467899
1666345831.532761000 20.539227
1666345833.056071000 20.893467
1666345834.197976000 20.466326
1666345835.216155000 20.714083
1666345836.265531000 20.081343
1666345837.437234000 21.234583
1666345838.272557000 20.008129
1666345839.109496000 20.528994
1666345839.927178000 20.425035
1666345841.292976000 20.388968
1666345843.356246000 20.102516
1666345844.522618000 20.114302
1666345845.835395000 21.262489
1666345847.635189000 20.654516
1666345849.046659000 19.997604
1666345850.456116000 20.610653
1666345851.763870000 20.6269
1666345853.011649000 19.791098
1666345854.227768000 20.20393
1666345855.499633000 20.477537
1666345856.718163000 20.714993
1666345857.841554000 20.168873
1666345859.460054000 20.222467
1666345860.886326000 20.032282
1666345862.119453000 19.672741
1666345863.487654000 19.98505
1666345864.557305000 20.315218
1666345865.671508000 20.340319
1666345866.877270000 19.923786
1666345868.011844000 20.561356
1666345869.106697000 20.875038
1666345870.357948000 20.55549
1666345871.490327000 20.279736
1666345872.953196000 20.216106
1666345873.809380000 20.633389
1666345874.875443000 20.567379
1666345875.920781000 20.441345
1666345877.107967000 20.663614
1666345878.205293000 20.518074
1666345879.563216000 20.649687
1666345880.622834000 20.129915
1666345881.678427000 20.92264
1666345882.830893000 20.717838
1666345883.990749000 20.906464
1666345885.060606000 20.607113
1666345886.139149000 20.858231
1666345887.782111000 20.429853
1666345889.129075000 20.581614
1666345890.046412000 20.545416
1666345891.042842000 20.173256
1666345892.657175000 21.30361
1666345893.841196000 20.541599
1666345895.058974000 20.753466
1666345896.224021000 20.559393
1666345897.443631000 21.237814
1666345898.613712000 20.833637
1666345899.786356000 20.566261
1666345901.083287000 20.777107
1666345903.560830000 20.310295
1666345904.953054000 21.11916
1666345906.363283000 20.753967
1666345907.860879000 20.403555
1666345909.316870000 21.082985
1666345910.707541000 20.56348
1666345912.067769000 21.37462
1666345913.113470000 21.039722
1666345914.497167000 21.497297
1666345915.485037000 21.499586
1666345916.557620000 20.345823
1666345918.056085000 20.804861
1666345919.994736000 21.493954
1666345921.222061000 21.380239
1666345922.549773000 20.926983
1666345923.874110000 20.8034
1666345925.183064000 20.602257
1666345926.604391000 20.704071
1666345927.875717000 20.950266
1666345929.614917000 21.007858
1666345930.681784000 20.73074
1666345932.206671000 22.121416
1666345933.880455000 21.424662
1666345936.193482000 21.869867
1666345937.768701000 21.691534
1666345938.979938000 21.269066
1666345940.104605000 21.373709
1666345941.239126000 21.326263
1666345942.380001000 21.223406
1666345943.717595000 21.893326
1666345944.824239000 21.873688
1666345945.942997000 21.833511
1666345947.120440000 21.9111
1666345948.191218000 21.848646
1666345949.304919000 20.877125
1666345950.696665000 21.482168
1666345952.376122000 21.868294
1666345953.871674000 21.411825
1666345955.086873000 21.791372
1666345956.247938000 21.741701
1666345957.550705000 22.094934
1666345958.883746000 21.283171
1666345960.212713000 21.849815
1666345961.477695000 21.842983
1666345962.793039000 21.773153
1666345964.232281000 21.724127
1666345965.660087000 22.072989
1666345967.855399000 21.521854
1666345969.220293000 21.593023
1666345970.475711000 21.778364
1666345971.775649000 21.217808
1666345973.184630000 21.985039
1666345974.938899000 20.834427
1666345976.229142000 22.098114
1666345977.561367000 21.582687
1666345978.921120000 21.63139
1666345980.228042000 21.777327
1666345981.433622000 21.166424
1666345983.451076000 21.512815
1666345984.691283000 21.369297
1666345985.832490000 21.89535
1666345987.008847000 21.522114
1666345988.128003000 21.240004
1666345989.245845000 21.841274
1666345990.291400000 21.937649
1666345991.384275000 21.735922
1666345992.723622000 22.198168
1666345994.566738000 21.847691
1666345995.829462000 21.596302
1666345998.010880000 21.726954
1666345999.350068000 21.807421
1666346000.788960000 21.744463
1666346002.238030000 21.632303
1666346003.504759000 21.386925
1666346004.586116000 22.413551
1666346005.575033000 22.210945
1666346006.628278000 22.009403
1666346007.628670000 21.938135
1666346008.643546000 21.823984
1666346009.608351000 21.916908
1666346010.724930000 21.699238
1666346011.674822000 21.473948
1666346012.845010000 22.862335
1666346014.298215000 21.945063
1666346015.697332000 21.178112
1666346017.043137000 21.632019
1666346018.686126000 21.197617
1666346020.046026000 23.131891
1666346021.251698000 21.997683
1666346022.917997000 22.117502
1666346024.135429000 21.693817
1666346025.363165000 22.218836
1666346026.475029000 21.791965
1666346027.681893000 23.115824
1666346028.783001000 22.63166
1666346029.884648000 21.892918
1666346030.887650000 21.888512
1666346032.421650000 21.852295
1666346033.577790000 21.604748
1666346035.092810000 21.398796
1666346036.291607000 22.324282
1666346037.564222000 22.387569
1666346038.746817000 21.938713
1666346040.027349000 22.540476
1666346041.209260000 22.368277
1666346042.365118000 22.508741
1666346043.597811000 22.762144
1666346044.757450000 21.992512
1666346045.941990000 20.863714
1666346048.041458000 22.192575
1666346049.144953000 22.327707
1666346050.325334000 21.775013
1666346051.610604000 21.917788
1666346052.818296000 22.47135
1666346054.051229000 21.971043
1666346055.188939000 21.670586
1666346056.459726000 21.983097
1666346057.957000000 22.156918
1666346059.504816000 22.523041
1666346060.908237000 21.882326
1666346062.935435000 21.683294
1666346064.320961000 21.705423
1666346066.167340000 22.015285
1666346067.575901000 21.755804
1666346068.743924000 21.974762
1666346070.100047000 22.264502
1666346071.346220000 22.40132
1666346072.335350000 22.004702
1666346073.292319000 22.570005
1666346074.249153000 22.118021
1666346075.193344000 21.771172
1666346076.338556000 22.263935
1666346078.289973000 22.144758
1666346079.373736000 21.385723
1666346080.497523000 22.104092
1666346081.570646000 21.824434
1666346083.066974000 21.98539
1666346084.117527000 21.685392
1666346085.136725000 21.123207
1666346086.256038000 22.166222
1666346087.451973000 21.980114
1666346088.528605000 22.230162
1666346089.565148000 22.196381
1666346091.001064000 21.951967
1666346092.440355000 21.483395
1666346093.602923000 22.184502
1666346094.688493000 22.113754
1666346095.824027000 22.219564
1666346096.960517000 21.58301
1666346098.506710000 22.331837
1666346099.670956000 21.820969
1666346100.640997000 21.799364
1666346102.059772000 21.298697
1666346103.511708000 22.072115
1666346104.915470000 22.592672
1666346106.307643000 21.191801
1666346107.903749000 21.874432
1666346109.343908000 21.744003
1666346110.720106000 22.637835
1666346112.691429000 22.388422
1666346113.841888000 22.660559
1666346115.112026000 21.520317
1666346116.161299000 21.916948
1666346117.377747000 22.36655
1666346118.634854000 22.092733
1666346120.248764000 22.455675
1666346121.496354000 21.914839
1666346123.096745000 22.407949
1666346124.840144000 22.245657
1666346126.870015000 22.256281
1666346128.218648000 22.240421
1666346129.339902000 22.783823
1666346130.292329000 22.773726
1666346131.210718000 21.535688
1666346132.645526000 21.840059
1666346133.815086000 22.062052
1666346134.976729000 22.162792
1666346136.891083000 22.750273
1666346138.067317000 21.389696
1666346139.461013000 21.706944
1666346140.483764000 21.953274
1666346141.501147000 22.073223
1666346142.529295000 22.111275
1666346143.497464000 21.876221
1666346144.462824000 22.245686
1666346145.443707000 22.02021
1666346146.813933000 22.503399
1666346148.470556000 21.394733
1666346149.665914000 21.98061
1666346150.605465000 21.941589
1666346151.682753000 21.955633
1666346152.782772000 22.39607
1666346154.452026000 22.139645
1666346155.631533000 22.143333
1666346156.988799000 22.339136
1666346158.154175000 22.102777
1666346159.345131000 21.635576
1666346160.542740000 21.584944
1666346161.706644000 22.48048
1666346163.194192000 21.802715
1666346164.305199000 22.351698
1666346165.367185000 21.657913
1666346166.387222000 21.509865
1666346167.592930000 21.501486
1666346168.600351000 22.339481
1666346169.648945000 22.222006
1666346170.698476000 22.255812
1666346171.745393000 22.684017
1666346172.755432000 22.411997
1666346173.812887000 22.360125
1666346174.811484000 21.892551
1666346176.425093000 22.259987
1666346177.904271000 21.821222
1666346179.031911000 21.452465
1666346180.175249000 21.903879
1666346181.321175000 22.097778
1666346182.404032000 21.915064
1666346183.661858000 21.41172
1666346184.729362000 22.123882
1666346185.736633000 21.858503
1666346186.823796000 22.18095
1666346188.696324000 22.25808
1666346190.402252000 22.122822
1666346192.291407000 23.317606
1666346193.678883000 21.562616
1666346195.162964000 22.432211
1666346196.707763000 21.425343
1666346198.397262000 21.949577
1666346199.767645000 22.550407
1666346200.975856000 22.394039
1666346201.994450000 22.114605
1666346203.629055000 22.256899
1666346204.744332000 22.904266
1666346206.120064000 22.486937
1666346207.045606000 22.7829
1666346208.135924000 22.00909
1666346209.186221000 22.471203
1666346210.276562000 22.686855
1666346211.392870000 21.621466
1666346212.563189000 22.05048
1666346213.640149000 22.073185
1666346214.746445000 22.832664
1666346216.361862000 21.97716
1666346217.452842000 22.064335
1666346218.473351000 22.199879
1666346219.771524000 21.969742
1666346220.836850000 22.899744
1666346221.744757000 22.417015
1666346222.849868000 22.27523
1666346223.926681000 21.972601
1666346224.925336000 21.86165
1666346226.019873000 22.386404
1666346227.939246000 22.443972
1666346228.955363000 22.181345
1666346230.114539000 22.112873
1666346231.349147000 22.581274
1666346232.560503000 22.454868
1666346234.156978000 22.62961
1666346235.154705000 23.076992
1666346236.105857000 22.207479
1666346237.213609000 21.456949
1666346238.466202000 22.111992
1666346239.725789000 22.053862
1666346240.825720000 22.344139
1666346242.460463000 21.224993
1666346243.776986000 22.508858
1666346244.754791000 22.023079
1666346245.759849000 22.684376
1666346246.865105000 22.564358
1666346247.853926000 22.313192
1666346248.845368000 21.861053
1666346249.781433000 21.633785
1666346251.248098000 22.204563
1666346252.340960000 21.911016
1666346254.221329000 22.357599
1666346255.474456000 21.324863
1666346256.920817000 22.238815
1666346258.784044000 22.495972
1666346260.121744000 21.859894
1666346261.413161000 22.223642
1666346263.022762000 22.295057
1666346264.221886000 21.781334
1666346265.154182000 21.803286
1666346266.401048000 21.531492
1666346267.450851000 21.732672
1666346268.572304000 22.613794
1666346270.105512000 22.28006
1666346271.317026000 22.542315
1666346272.384352000 22.252764
1666346273.359786000 22.446514
1666346274.265526000 22.200634
1666346275.204508000 22.596407
1666346276.357665000 21.787268
1666346277.293947000 22.383095
1666346278.273243000 22.696218
1666346279.131103000 22.300884
1666346280.230542000 21.938004
1666346281.512021000 21.999426
1666346282.530901000 22.305117
1666346283.505201000 23.049826
1666346285.353444000 22.64962
1666346286.417698000 22.011934
1666346287.476166000 22.211321
1666346288.512912000 21.901041
1666346289.605176000 22.683718
1666346291.166159000 22.374743
1666346292.485419000 21.62818
1666346293.777555000 22.517767
1666346295.057831000 22.310753
1666346296.333318000 22.070637
1666346297.745385000 22.154287
1666346299.129878000 22.371424
1666346301.250738000 22.331066
1666346302.324024000 22.274313
1666346303.533240000 21.491543
1666346304.609361000 22.592201
1666346306.129227000 22.343222
1666346307.078520000 23.337873
1666346308.085784000 22.185474
1666346309.215541000 21.588461
1666346310.187765000 22.102676
1666346311.336972000 21.689684
1666346312.364396000 21.453476
1666346313.535174000 21.621418
1666346315.302733000 21.937218
1666346316.416200000 21.722874
1666346317.262428000 22.146383
1666346318.399363000 21.281727
1666346319.739485000 22.608355
1666346320.796987000 21.806021
1666346321.863810000 21.860371
1666346323.481656000 22.317854
1666346324.614476000 22.095385
1666346325.732784000 22.02396
1666346326.979003000 21.831303
1666346328.130804000 22.007454
1666346329.263802000 21.620972
1666346330.721924000 22.268396
1666346331.735346000 20.704037
1666346332.807924000 21.880396
1666346333.908311000 21.296492
1666346334.910637000 22.095245
1666346335.929481000 22.086586
1666346337.008495000 22.102322
1666346337.929080000 22.302898
1666346338.824610000 22.046959
1666346339.702034000 22.018547
1666346340.627413000 22.709599
1666346341.506705000 22.292339
1666346343.076623000 22.473206
1666346343.979063000 22.415785
1666346344.907231000 21.776562
1666346345.854070000 22.681198
1666346346.869722000 22.058897
1666346347.894790000 22.500233
1666346348.919686000 21.810785
1666346350.028009000 22.245138
1666346351.148587000 22.798016
1666346352.378200000 22.41437
1666346354.443822000 22.243773
1666346355.982088000 22.418293
1666346357.167200000 22.459436
1666346358.321203000 22.153568
1666346359.411319000 22.278147
1666346360.496782000 21.571056
1666346361.578645000 21.707741
1666346362.660826000 22.165676
1666346363.612619000 21.819159
1666346364.741710000 22.649466
1666346365.900828000 22.212282
1666346367.340591000 22.266897
1666346368.253535000 22.262863
1666346369.662960000 22.359337
1666346370.959750000 22.393604
1666346372.149750000 22.464254
1666346373.186529000 21.519468
1666346374.121370000 22.197973
1666346375.002969000 21.583822
1666346375.877427000 22.683861
1666346377.058005000 22.187902
1666346378.086444000 22.6119
1666346379.097901000 21.985502
1666346379.952811000 22.650751
1666346380.792425000 22.844244
1666346381.594398000 22.381182
1666346382.919547000 22.022486
1666346384.170313000 21.950153
1666346385.096147000 21.971937
1666346386.191337000 22.145359
1666346387.922711000 21.991663
1666346389.084485000 22.135967
1666346390.326656000 21.900404
1666346391.502616000 22.356823
1666346392.762751000 22.591736
1666346394.087804000 21.8622
1666346395.567971000 22.330713
1666346397.454697000 21.956619
1666346398.392746000 23.002316
1666346399.368240000 21.620281
1666346400.426004000 21.919983
1666346401.442089000 22.013777
1666346402.492222000 22.219187
1666346403.448416000 21.765224
1666346404.495776000 21.970001
1666346405.416904000 22.012117
1666346406.398488000 22.267508
1666346407.375052000 22.023493
1666346408.263654000 22.403463
1666346409.912292000 22.548286
1666346410.772914000 22.678541
1666346411.708145000 22.799345
1666346412.560338000 22.289806
1666346413.595658000 21.514711
1666346414.718126000 22.003382
1666346415.580615000 22.181772
1666346416.465719000 21.729322
1666346417.600302000 21.960251
1666346419.012483000 21.813828
1666346420.085072000 22.191729
1666346420.938973000 22.06868
1666346422.061410000 22.538254
1666346423.181999000 21.819139
1666346424.609460000 21.775225
1666346425.588687000 21.830956
1666346426.746257000 22.331831
1666346427.572721000 22.332529
1666346428.572737000 22.462568
1666346429.401646000 22.132179
1666346430.294701000 21.857319
1666346431.263479000 21.390182
1666346432.321673000 22.232534
1666346433.168178000 21.554195
1666346434.031166000 22.547073
1666346434.985485000 22.563616
1666346435.980903000 21.709728
1666346437.758622000 22.018934
1666346438.643406000 22.576748
1666346439.751994000 22.179684
1666346440.972073000 21.271479
1666346441.825678000 22.174669
1666346442.986849000 21.577084

