1666264415.118192000 6.2285137
1666264416.561080000 6.371944
1666264417.384615000 6.3967171
1666264418.256426000 6.4198308
1666264419.246765000 6.2819571
1666264420.234507000 6.2659292
1666264421.197546000 6.2456274
1666264422.708964000 6.3475242
1666264423.941949000 6.4653044
1666264425.348827000 6.4110665
1666264426.697751000 6.4542613
1666264428.249159000 6.3818207
1666264429.596932000 6.1991749
1666264430.795906000 6.3506374
1666264432.029144000 6.3525567
1666264433.148290000 6.328136
1666264434.261239000 6.2856917
1666264435.242069000 6.451591
1666264436.286207000 6.3800197
1666264437.280786000 6.2961359
1666264438.170759000 6.2739935
1666264439.432691000 6.322578
1666264440.273241000 6.2497902
1666264441.180829000 6.2872972
1666264441.989738000 6.2074513
1666264443.115508000 6.2992325
1666264444.054227000 6.2730713
1666264445.289984000 6.2908001
1666264446.397379000 6.3279433
1666264447.445534000 6.4388657
1666264448.620229000 6.3181705
1666264449.706501000 6.2706552
1666264450.784528000 6.1657772
1666264451.757690000 6.330914
1666264452.756384000 6.3600931
1666264453.713710000 6.4545684
1666264454.527720000 6.3607965
1666264455.541447000 6.3678432
1666264456.413734000 6.3047681
1666264457.245892000 6.2773395
1666264458.117592000 6.2842441
1666264459.051080000 6.4102421
1666264460.137327000 6.2224784
1666264461.017656000 6.3439283
1666264462.009407000 6.2832828
1666264463.089319000 6.3920617
1666264463.911594000 6.376637
1666264465.069726000 6.2085505
1666264466.184507000 6.2956886
1666264467.252820000 6.4116707
1666264468.312909000 6.4245095
1666264469.373099000 6.4759097
1666264470.424559000 6.4028072
1666264471.490687000 6.431633
1666264472.556175000 6.2676029
1666264473.830374000 6.3858118
1666264474.789011000 6.1869349
1666264475.706861000 6.1654472
1666264477.570431000 6.3826399
1666264478.680453000 6.3093591
1666264479.814548000 6.33184
1666264480.922619000 6.3426461
1666264482.008611000 6.4362607
1666264483.091899000 6.3994913
1666264484.195552000 6.3895707
1666264485.373800000 6.3639259
1666264486.323389000 6.4112811
1666264487.721060000 6.3583565
1666264488.547473000 6.2309604
1666264489.381759000 6.260571
1666264490.253514000 6.1907654
1666264491.128981000 6.3242083
1666264492.028869000 6.405592
1666264492.907844000 6.258615
1666264493.807212000 6.3361301
1666264495.406159000 6.4050484
1666264496.428348000 6.3046975
1666264497.447507000 6.324769
1666264498.434041000 6.3662157
1666264499.439889000 6.3647599
1666264500.410024000 6.3156705
1666264501.421013000 6.2539845
1666264502.680321000 6.304667
1666264503.679866000 6.2772017
1666264504.697718000 6.446404
1666264505.718536000 6.2558169
1666264506.777586000 6.2006154
1666264507.888258000 6.3144388
1666264508.928851000 6.178412
1666264510.052259000 6.3439837
1666264511.131722000 6.2945666
1666264512.458773000 6.4401135
1666264513.556034000 6.4542847
1666264514.603113000 6.3060746
1666264515.648329000 6.3193808
1666264516.696631000 6.2921801
1666264517.765454000 6.2376995
1666264518.838232000 6.3104615
1666264519.849671000 6.2795448
1666264520.832008000 6.221879
1666264521.827760000 6.2717314
1666264522.888462000 6.1764517
1666264523.757284000 6.2141671
1666264524.762225000 6.2492723
1666264525.796699000 6.433773
1666264526.906667000 6.3949661
1666264527.968719000 6.4272838
1666264529.079754000 6.2979193
1666264530.459321000 6.1969385
1666264531.581732000 6.4224062
1666264532.759753000 6.3330283
1666264533.887535000 6.2882338
1666264534.949545000 6.460146
1666264536.052512000 6.4954052
1666264537.069997000 6.4253559
1666264538.179751000 6.389554
1666264539.243397000 6.2351265
1666264540.208420000 6.3519645
1666264541.160788000 6.4409118
1666264542.086869000 6.2909012
1666264543.050691000 6.3803616
1666264543.961223000 6.258153
1666264544.978404000 6.2905822
1666264545.970545000 6.4058938
1666264546.872246000 6.3239384
1666264548.671311000 6.4045591
1666264549.904996000 6.367722
1666264551.018387000 6.1809211
1666264551.831828000 6.360805
1666264552.815611000 6.3233423
1666264554.121698000 6.3937044
1666264555.510099000 6.2767091
1666264556.816429000 6.3308096
1666264557.954733000 6.3824368
1666264559.052039000 6.3429971
1666264560.158994000 6.3078914
1666264561.563408000 6.231276
1666264562.708804000 6.3515224
1666264563.905757000 6.2471619
1666264565.188412000 6.3783817
1666264566.140093000 6.2742472
1666264567.389680000 6.3323774
1666264568.714553000 6.3684402
1666264570.092166000 6.4614367
1666264570.842001000 6.5117054
1666264572.193114000 6.2011905
1666264574.339866000 6.3321686
1666264575.750050000 6.3100162
1666264576.509561000 6.3429952
1666264577.903728000 6.3220282
1666264579.360964000 6.3553505
1666264580.745764000 6.1654053
1666264581.559790000 6.3380632
1666264582.900715000 6.346848
1666264583.710151000 6.3890591
1666264585.195024000 6.3390179
1666264586.717817000 6.411284
1666264588.207880000 6.194768
1666264589.371447000 6.1609707
1666264590.562048000 6.2831907
1666264591.752898000 6.3275928
1666264592.973164000 6.4937973
1666264594.225489000 6.24226
1666264595.510663000 6.3922048
1666264596.746335000 6.1558542
1666264598.027636000 6.2168093
1666264599.107891000 6.3124499
1666264600.116112000 6.3766785
1666264601.422008000 6.2639308
1666264602.652788000 6.3990874
1666264603.565361000 6.2270827
1666264604.505796000 6.2658887
1666264605.725722000 6.312758
1666264607.038717000 6.2968574
1666264608.372705000 6.2375684
1666264609.265363000 6.3643785
1666264612.178900000 6.3299589
1666264613.115053000 6.366878
1666264614.947896000 6.3025684
1666264616.473162000 6.3974347
1666264617.458540000 6.3043575
1666264618.742604000 6.279295
1666264619.586072000 6.3525491
1666264620.617092000 6.2915306
1666264621.572027000 6.4439764
1666264622.560873000 6.2795248
1666264623.501749000 6.3550453
1666264624.501834000 6.3458595
1666264625.537558000 6.4534845
1666264626.564970000 6.3607979
1666264627.553999000 6.3602548
1666264628.490953000 6.4004583
1666264630.234427000 6.1804852
1666264631.487412000 6.3533268
1666264632.618400000 6.2423835
1666264633.860699000 6.1937728
1666264634.982829000 6.3153858
1666264636.152598000 6.4553289
1666264637.474848000 6.2678304
1666264638.834233000 6.3268919
1666264639.636739000 6.3455019
1666264640.798534000 6.3761568
1666264642.090807000 6.3866911
1666264643.284648000 6.3685822
1666264644.664663000 6.3863626
1666264645.967015000 6.3935628
1666264647.066811000 6.3014522
1666264648.126625000 6.2971797
1666264649.099623000 6.3101048
1666264649.998017000 6.3976912
1666264650.885482000 6.3132658
1666264651.828396000 6.3064761
1666264652.775605000 6.3433518
1666264653.736679000 6.5165582
1666264654.658410000 6.2015657
1666264655.563289000 6.2001953
1666264656.646633000 6.2507367
1666264657.721721000 6.341445
1666264659.074838000 6.3337054
1666264660.170292000 6.2030759
1666264661.307112000 6.3468747
1666264662.572858000 6.4860034
1666264663.781116000 6.2895136
1666264664.893758000 6.293571
1666264666.025509000 6.3601308
1666264666.938602000 6.3821068
1666264668.078113000 6.316916
1666264669.260619000 6.201447
1666264670.366337000 6.2659578
1666264671.489794000 6.3759699
1666264672.553644000 6.3896818
1666264674.260629000 6.3639002
1666264675.528774000 6.1856751
1666264676.866773000 6.3252378
1666264677.620778000 6.3169756
1666264678.904936000 6.3128333
1666264680.157860000 6.3206296
1666264681.407148000 6.4260731
1666264682.714321000 6.2930765
1666264683.868481000 6.3042483
1666264684.781111000 6.4205151
1666264685.746865000 6.3621783
1666264686.559720000 6.43328
1666264687.516534000 6.2077689
1666264688.576047000 6.260694
1666264689.669554000 6.3335834
1666264690.695389000 6.4373713
1666264691.780875000 6.2947283
1666264692.798613000 6.2838335
1666264693.812136000 6.2660904
1666264694.989382000 6.2924037
1666264695.977413000 6.2979784
1666264696.939759000 6.3340001
1666264698.034453000 6.3789268
1666264699.069731000 6.4263735
1666264700.477477000 6.3339577
1666264701.584872000 6.2668557
1666264702.699913000 6.4498248
1666264703.807660000 6.2749119
1666264704.898322000 6.5277987
1666264705.977359000 6.3468132
1666264707.113357000 6.2331119
1666264708.164350000 6.4387026
1666264709.179620000 6.4930534
1666264710.169624000 6.4352369
1666264711.175379000 6.2582459
1666264712.455526000 6.4443512
1666264713.430004000 6.1038709
1666264714.383712000 6.3642464
1666264715.369455000 6.3912854
1666264716.405295000 6.4213223
1666264717.376267000 6.395997
1666264718.259386000 6.3882685
1666264719.370622000 6.3862391
1666264720.480225000 6.3194866
1666264721.811321000 6.4561515
1666264722.883539000 6.433444
1666264724.075796000 6.3075995
1666264725.244447000 6.3044162
1666264726.424812000 6.3458562
1666264727.305690000 6.3572245
1666264728.296580000 6.3011923
1666264729.730633000 6.2870207
1666264730.790732000 6.4532661
1666264731.889900000 6.4472175
1666264732.945508000 6.5120602
1666264733.948353000 6.4384747
1666264734.925987000 6.3684144
1666264736.599194000 6.2549896
1666264737.777283000 6.2701321
1666264739.122398000 6.3884621
1666264739.888863000 6.3760171
1666264740.902509000 6.3875389
1666264742.024542000 6.2962837
1666264742.935255000 6.3410358
1666264744.280197000 6.2692103
1666264745.468261000 6.285708
1666264746.480757000 6.1938105
1666264747.395089000 6.4525361
1666264748.353209000 6.5410142
1666264749.242363000 6.3098774
1666264750.112843000 6.3765588
1666264751.063760000 6.4343314
1666264752.038956000 6.4366932
1666264753.035667000 6.2680721
1666264753.940176000 6.4869065
1666264754.893216000 6.2840805
1666264755.675170000 6.4158363
1666264756.561017000 6.2297187
1666264757.388101000 6.4295831
1666264758.246407000 6.2511973
1666264759.139001000 6.3350563
1666264760.781011000 6.3122296
1666264761.824438000 6.3872542
1666264762.854546000 6.4026055
1666264763.672709000 6.308959
1666264764.747601000 6.3689384
1666264765.504509000 6.3399534
1666264766.451236000 6.1794066
1666264767.553329000 6.2161984
1666264768.662918000 6.3798375
1666264769.790615000 6.4302111
1666264770.892231000 6.4021173
1666264771.965230000 6.5107613
1666264773.071644000 6.4738474
1666264774.322932000 6.2115588
1666264775.416500000 6.3167057
1666264776.656290000 6.3526587
1666264777.819162000 6.399961
1666264779.068002000 6.3166265
1666264780.560870000 6.419662
1666264781.323059000 6.2968397
1666264782.652645000 6.3896098
1666264784.508890000 6.4256773
1666264785.698869000 6.379878
1666264786.510245000 6.3467264
1666264787.891470000 6.3957567
1666264789.290125000 6.3316779
1666264790.175756000 6.4122548
1666264791.501153000 6.5911751
1666264792.850038000 6.5092392
1666264794.213890000 6.381711
1666264795.596153000 6.4506087
1666264796.553442000 6.4176011
1666264797.372210000 6.3155499
1666264799.557009000 6.5097299
1666264801.074345000 6.362546
1666264802.742216000 6.4002328
1666264803.633505000 6.3955932
1666264804.516596000 6.4444995
1666264805.275069000 6.3548102
1666264806.964422000 6.3708739
1666264807.881860000 6.3429856
1666264808.723417000 6.3141327
1666264809.548367000 6.3310637
1666264810.821749000 6.4314709
1666264811.837666000 6.4927702
1666264812.796132000 6.5671067
1666264813.620987000 6.3803649
1666264814.488216000 6.5038147
1666264815.407407000 6.4770041
1666264816.701470000 6.6887045
1666264817.667525000 6.4108686
1666264818.619415000 6.5236669
1666264819.549312000 6.4918618
1666264820.459759000 6.4525881
1666264821.333628000 6.3703976
1666264822.333359000 6.4134459
1666264823.458773000 6.4156256
1666264824.575072000 6.4984064
1666264825.754793000 6.4387169
1666264826.953458000 6.4831424
1666264827.932458000 6.4320087
1666264829.178880000 6.436944
1666264830.579737000 6.4827156
1666264831.658204000 6.5872145
1666264832.767008000 6.5039282
1666264833.782300000 6.3936057
1666264834.780559000 6.4194946
1666264835.734445000 6.4365182
1666264836.670911000 6.3960319
1666264837.553746000 6.5168195
1666264838.474630000 6.4135623
1666264839.426469000 6.385047
1666264840.192529000 6.4672379
1666264841.189346000 6.4780517
1666264842.058878000 6.3881736
1666264842.930074000 6.4531317
1666264843.896392000 6.4832196
1666264845.098002000 6.522408
1666264845.986263000 6.4933267
1666264847.258814000 6.6068778
1666264848.252779000 6.5350747
1666264849.298056000 6.5789132
1666264850.319152000 6.4071774
1666264851.290434000 6.3263803
1666264852.283457000 6.5007029
1666264853.338024000 6.4970531
1666264854.454636000 6.4198756
1666264855.983370000 6.4570923
1666264857.930743000 6.5318995
1666264858.998904000 6.5519943
1666264860.072422000 6.5431366
1666264861.067063000 6.3457503
1666264862.083668000 6.4301996
1666264863.149487000 6.5115438
1666264864.497849000 6.3770885
1666264865.694230000 6.4229689
1666264866.833606000 6.4139857
1666264867.957256000 6.4580088
1666264869.225677000 6.4875803
1666264870.293641000 6.3629179
1666264871.393161000 6.3928947
1666264872.701159000 6.5537472
1666264873.577303000 6.4438281
1666264874.619250000 6.5076799
1666264875.643400000 6.5339465
1666264876.662300000 6.5026574
1666264877.628044000 6.4158516
1666264878.667204000 6.4644327
1666264879.651723000 6.5342169
1666264880.561808000 6.5069385
1666264881.607036000 6.5041475
1666264882.495816000 6.5249429
1666264883.392576000 6.3806243
1666264884.332012000 6.4852581
1666264885.352538000 6.6671758
1666264886.232431000 6.542623
1666264887.283196000 6.5003881
1666264888.522486000 6.4460697
1666264889.402846000 6.407135
1666264890.375288000 6.5157995
1666264891.219756000 6.4865727
1666264891.980409000 6.454957
1666264892.964537000 6.6980677
1666264893.843391000 6.6272368
1666264894.603876000 6.697855
1666264895.551726000 6.4083805
1666264896.391372000 6.5224743
1666264897.144125000 6.4302459
1666264897.893847000 6.5001473
1666264898.831619000 6.4152198
1666264899.652536000 6.5669193
1666264900.662154000 6.5024366
1666264901.484692000 6.543952
1666264902.493991000 6.5571003
1666264903.585814000 6.4428096
1666264904.464299000 6.5361857
1666264905.480559000 6.5178576
1666264906.559400000 6.7819004
1666264907.702280000 6.4901814
1666264908.764733000 6.5301085
1666264909.841331000 6.6474748
1666264910.915264000 6.5549874
1666264911.975862000 6.6437435
1666264913.044191000 6.5876565
1666264914.126744000 6.413929
1666264915.018409000 6.4975529
1666264916.020553000 6.4147615
1666264916.985028000 6.590292
1666264918.145147000 6.6137257
1666264918.974327000 6.5988789
1666264920.001617000 6.4413548
1666264920.881144000 6.5725932
1666264922.172741000 6.5153537
1666264923.057618000 6.6405649
1666264923.907754000 6.5253339
1666264925.306324000 6.4560809
1666264926.454644000 6.4570627
1666264927.590795000 6.4382906
1666264928.737256000 6.5101929
1666264929.830788000 6.469696
1666264930.787372000 6.604075
1666264931.831266000 6.4987583
1666264932.941883000 6.4909205
1666264933.944999000 6.655149
1666264935.231248000 6.4635754
1666264936.366086000 6.6874027
1666264937.536843000 6.6546841
1666264938.781927000 6.5601845
1666264939.704140000 6.7709451
1666264940.932840000 6.5468502
1666264942.120969000 6.640739
1666264943.210634000 6.6415505
1666264944.270903000 6.5010467
1666264945.359423000 6.5510445
1666264946.528940000 6.5678816
1666264947.654798000 6.6474986
1666264948.782925000 6.6726394
1666264949.836840000 6.5246744
1666264950.871557000 6.53162
1666264951.985169000 6.5992837
1666264953.291678000 6.5736747
1666264954.383955000 6.5140738
1666264955.485996000 6.4865098
1666264956.658621000 6.6104836
1666264957.807600000 6.4692354
1666264958.979970000 6.5081601
1666264960.129007000 6.6801162
1666264961.047000000 6.5311852
1666264961.892610000 6.6439953
1666264963.087377000 6.6131434
1666264963.846334000 6.5075316
1666264964.879616000 6.6087894
1666264965.666979000 6.5809841
1666264966.619599000 6.5793896
1666264967.617773000 6.5159969
1666264968.587809000 6.7094469
1666264970.290827000 6.6321058
1666264971.248317000 6.534306
1666264972.215041000 6.5363445
1666264973.152031000 6.5706978
1666264974.119439000 6.7179914
1666264975.090202000 6.5256653
1666264976.016270000 6.6633391
1666264976.852137000 6.6311946
1666264977.669471000 6.7517352
1666264978.745596000 6.6711755
1666264979.603193000 6.5445552
1666264980.544862000 6.7446198
1666264981.418100000 6.6048055
1666264982.502116000 6.6419787
1666264983.635570000 6.4680772
1666264984.806618000 6.560081
1666264985.938015000 6.6161923
1666264987.276546000 6.6063485
1666264988.580952000 6.6386619
1666264989.467840000 6.5962157
1666264990.904609000 6.5605998
1666264991.761537000 6.6244884
1666264992.950790000 6.6540842
1666264993.841736000 6.5983381
1666264994.679508000 6.5902801
1666264996.736775000 6.5353088
1666264998.033870000 6.7249331
1666264999.262514000 6.7467976
1666265000.710453000 6.7034864
1666265002.029823000 6.6890631
1666265002.795857000 6.7148438
1666265003.713376000 6.4827294
1666265004.897502000 6.7109299
1666265005.919966000 6.5772524
1666265006.955327000 6.6352758
1666265007.999602000 6.5981345
1666265009.098283000 6.6879845
1666265010.333510000 6.6944604
1666265011.449167000 6.7049789
1666265012.870772000 6.6200647
1666265014.034703000 6.6743898
1666265015.228769000 6.548502
1666265016.498120000 6.7367201
1666265017.318746000 6.4533854
1666265018.540595000 6.6609869
1666265019.418059000 6.6363082
1666265020.592560000 6.7400556
1666265021.408721000 6.7416687
1666265022.595798000 6.6256251
1666265023.352238000 6.6756463
1666265025.665413000 6.6499014
1666265026.848683000 6.5919199
1666265027.917346000 6.7271657
1666265029.046100000 6.6343555
1666265030.058535000 6.6180639
1666265031.034904000 6.753736
1666265031.945950000 6.7679095
1666265032.780488000 6.7887974
1666265033.649515000 6.6361146
1666265034.409470000 6.5790372
1666265035.267315000 6.6587219
1666265036.090595000 6.6258636
1666265036.851376000 6.655376
1666265038.054249000 6.6076322
1666265039.206664000 6.5753388
1666265040.712672000 6.6641335
1666265041.735796000 6.5700054
1666265042.778636000 6.8865681
1666265043.776040000 6.476336
1666265044.759766000 6.7254496
1666265045.833417000 6.631741
1666265047.034948000 6.5487399
1666265048.181021000 6.6006289
1666265049.314276000 6.3637605
1666265051.108071000 6.7930164
1666265053.169417000 6.7180991
1666265054.172480000 6.6166945
1666265055.434345000 6.739759
1666265056.674530000 6.6785226
1666265057.831401000 6.631454
1666265058.908443000 6.5478926
1666265059.825988000 6.5925813
1666265060.742288000 6.7505898
1666265061.607926000 6.5276918
1666265062.532028000 6.7517686
1666265063.470020000 6.6875868
1666265064.377386000 6.6864238
1666265066.272106000 6.7619505
1666265067.501045000 6.6069741
1666265068.618852000 6.7653909
1666265069.845681000 6.7985864
1666265070.675002000 6.826786
1666265071.836587000 6.5356555
1666265072.922949000 6.8242826
1666265073.919787000 6.6782527
1666265075.119787000 6.6945868
1666265076.239632000 6.8048344
1666265077.408731000 6.7488971
1666265078.426986000 6.8254776
1666265079.447800000 6.7843585
1666265080.447417000 6.6828766
1666265081.749903000 6.7835617
1666265082.637764000 6.719358
1666265083.514545000 6.6722131
1666265084.517002000 6.7202091
1666265085.343838000 6.7109141
1666265086.398700000 6.6487889
1666265087.221381000 6.8001242
1666265088.047710000 6.7432976
1666265088.906806000 6.7356377
1666265090.125037000 6.6403089
1666265091.334465000 6.7484989
1666265092.634164000 6.7067256
1666265093.873604000 6.6702814
1666265094.933922000 6.858932
1666265096.655464000 6.6556101
1666265098.099800000 6.6728501
1666265099.187415000 6.689342
1666265100.150054000 6.690959
1666265100.915111000 6.6543727
1666265101.751739000 6.8115478
1666265102.649994000 6.6796327
1666265103.410938000 6.8003078
1666265104.247913000 6.7218814
1666265105.062774000 6.912035
1666265105.879289000 6.7074218
1666265106.653609000 6.8042235
1666265107.426526000 6.717988
1666265108.341591000 6.8579106
1666265109.223387000 6.848649
1666265109.991400000 6.7802033
1666265110.883432000 6.7553616
1666265111.737233000 6.8015666
1666265113.135232000 6.7460446
1666265114.425793000 6.7405562
1666265115.303763000 6.8318129
1666265116.214220000 6.8256102
1666265117.416983000 6.7952914
1666265118.217222000 6.7015276
1666265119.135788000 6.6980653
1666265120.098701000 6.7356277
1666265121.213031000 6.8333869
1666265122.333714000 6.7610116
1666265123.460515000 6.7653418
1666265124.333713000 6.7275329
1666265125.234827000 6.7036204
1666265126.200425000 6.6614566
1666265127.809810000 6.6881914
1666265128.725467000 6.7565942
1666265129.653141000 6.8541112
1666265130.581678000 6.734725
1666265131.426060000 6.778326
1666265132.247072000 6.7798419
1666265133.131542000 6.6747975
1666265133.932365000 6.7654152
1666265134.692482000 6.7636862
1666265135.712937000 6.7330537
1666265136.507890000 6.7936935
1666265137.264305000 6.8151937
1666265138.131370000 6.7020497
1666265138.956544000 6.8842125
1666265139.757473000 6.8524251
1666265140.523429000 6.787056
1666265141.329078000 6.6947403
1666265143.153778000 6.7376695
1666265144.214613000 6.7726874
1666265145.283915000 6.828578
1666265146.372003000 6.7771111
1666265147.443910000 6.6739273
1666265148.535141000 6.8736391
1666265149.610017000 6.8710513
1666265150.688320000 6.7481513
1666265151.627404000 6.8964448
1666265152.637382000 6.6804256
1666265153.577757000 6.8126192
1666265154.336622000 6.8235307
1666265155.084842000 6.6786027
1666265155.857540000 6.7371516
1666265156.798918000 6.7112441
1666265157.790907000 6.9356413
1666265158.886871000 6.8017263
1666265160.568013000 6.8182249
1666265161.663209000 6.7561455
1666265162.774064000 6.9173675
1666265163.895126000 6.808248
1666265165.010483000 6.8037109
1666265166.183807000 6.7822599
1666265167.065828000 6.789794
1666265168.061715000 6.8046541
1666265168.976573000 6.8800349
1666265169.821141000 6.6903048
1666265171.136606000 6.7807961
1666265172.055224000 6.8664761
1666265173.099263000 6.8883514
1666265174.158112000 6.6850634
1666265175.234462000 6.9142113
1666265177.131375000 6.9454823
1666265178.296607000 6.7742443
1666265179.115387000 6.8288703
1666265180.301003000 6.9158101
1666265181.984892000 6.6793909
1666265182.802991000 6.7380795
1666265183.977328000 6.7701378
1666265184.806525000 6.8797503
1666265185.955943000 6.9092803
1666265186.980272000 6.7399406
1666265188.003348000 6.7832727
1666265188.980837000 6.8971252
1666265189.975052000 6.8830428
1666265190.970291000 6.9175391
1666265191.954737000 6.9159961
1666265193.020528000 6.8506026
1666265194.117879000 6.8396397
1666265195.583010000 6.9095221
1666265196.654446000 6.7035236
1666265197.890940000 6.793056
1666265198.998036000 6.8254085
1666265200.193486000 6.791616
1666265201.365072000 6.7508087
1666265202.579726000 6.8077202
1666265203.713574000 6.830235
1666265204.952328000 6.9438663
1666265206.222355000 6.9319358
1666265207.671670000 6.8527441
1666265208.430626000 6.8415542
1666265209.926840000 6.7664037
1666265211.261668000 6.8316846
1666265212.090028000 6.9444227
1666265213.302268000 6.8389254
1666265214.686834000 6.9028001
1666265215.504772000 6.821229
1666265216.712264000 6.8881636
1666265217.580284000 6.9053297
1666265218.593967000 6.9579291
1666265219.754260000 6.8813057
1666265220.830863000 6.7751889
1666265221.941986000 6.8984203
1666265223.378821000 6.8837371
1666265224.414022000 6.7764411
1666265225.233295000 6.8463721
1666265225.991160000 6.8578553
1666265226.772679000 6.9279199
1666265228.125497000 6.8522186
1666265228.883655000 6.8682561
1666265230.244953000 6.8320718
1666265231.010122000 6.867589
1666265232.312562000 6.7085724
1666265233.797429000 6.9880986
1666265235.344895000 6.7466259
1666265236.171365000 6.8435817
1666265237.496958000 6.8178058
1666265238.549775000 6.9571505
1666265240.627377000 6.8966708
1666265241.491841000 6.9572754
1666265242.949233000 6.8344507
1666265244.071727000 6.8992915
1666265245.081483000 6.8853993
1666265246.253067000 6.928772
1666265247.258029000 6.859324
1666265248.169865000 6.9417005
1666265249.491493000 6.8737311
1666265250.439969000 6.87749
1666265251.440486000 6.9443688
1666265252.668711000 6.9573836
1666265253.671039000 6.9895473
1666265254.748856000 6.9171171
1666265255.939784000 7.0048032
1666265257.143766000 6.9944687
1666265258.449572000 6.8421493
1666265259.750177000 6.8459091
1666265261.014110000 6.8993902
1666265263.007388000 6.8810067
1666265264.171355000 6.9817472
1666265265.350711000 6.8702502
1666265266.787330000 7.0331388
1666265268.054644000 6.9234757
1666265269.198773000 6.9444642
1666265270.312104000 6.8650994
1666265271.438614000 6.8179455
1666265272.574165000 6.8156967
1666265273.678836000 6.7293148
1666265274.861338000 6.8440633
1666265276.006266000 6.8526964
1666265277.078652000 7.0602174
1666265278.068777000 6.9444284
1666265279.306718000 7.1185279
1666265280.589199000 7.0640168
1666265281.616762000 6.8884292
1666265282.726387000 6.9459453
1666265283.890037000 7.0787244
1666265284.754606000 6.9509115
1666265285.752180000 6.930295
1666265286.868765000 6.9223366
1666265287.968520000 7.0223088
1666265289.078005000 6.9392781
1666265290.076677000 6.8520913
1666265291.090058000 6.9448519
1666265292.449726000 7.0469298
1666265294.074714000 7.1784039
1666265294.911530000 6.9657984
1666265295.937931000 6.9203606
1666265296.959722000 6.9364161
1666265298.012419000 6.9408355
1666265299.072527000 6.9488125
1666265300.154023000 7.036675
1666265301.141929000 6.9607325
1666265302.612917000 6.9968181
1666265303.737410000 6.9404154
1666265304.748212000 6.7506824
1666265305.707107000 7.0419788
1666265306.967280000 6.9824715
1666265307.933693000 6.9659657
1666265308.869683000 7.0329666
1666265309.893369000 6.957829
1666265311.200860000 6.9147644
1666265312.082404000 6.9734535
1666265312.939075000 6.8916416
1666265313.924725000 6.9092236
1666265315.284266000 6.9880195
1666265316.205015000 6.9618664
1666265317.225862000 6.9770103
1666265318.206686000 6.9527297
1666265319.141809000 6.9725904
1666265320.069704000 6.8291025
1666265320.853193000 6.9084363
1666265321.682543000 6.9183617
1666265322.441016000 6.9105878
1666265323.526800000 6.9081059
1666265324.784722000 6.9476838
1666265325.912226000 7.0238571
1666265326.791109000 6.8906589
1666265327.807500000 7.0432801
1666265328.953747000 6.8970222
1666265329.749874000 6.9192467
1666265330.606872000 6.9317737
1666265331.519479000 7.1438341
1666265332.552414000 6.9747372
1666265333.651659000 7.1413703
1666265334.821694000 6.9353528
1666265335.987512000 6.9385352
1666265337.023391000 6.9491582
1666265338.218037000 7.0794291
1666265339.027822000 7.0565953
1666265340.782288000 6.939322
1666265341.606854000 7.0053945
1666265342.505491000 6.9430232
1666265343.395886000 6.9394464
1666265344.153005000 6.9527373
1666265345.212446000 7.0390596
1666265346.178274000 7.1280556
1666265347.233076000 6.9415159
1666265348.267215000 6.8816209
1666265349.297672000 7.0086956
1666265350.361479000 7.0275884
1666265351.412886000 6.9859881
1666265352.431700000 6.9834404
1666265353.454148000 6.9911513
1666265354.491444000 7.0484447
1666265355.567234000 7.1558785
1666265357.124617000 7.0590935
1666265357.938648000 6.8711352
1666265358.883239000 6.948761
1666265359.924203000 6.951592
1666265361.076075000 7.1117363
1666265362.245328000 7.0815482
1666265363.414859000 6.9607105
1666265365.395054000 7.1369095
1666265366.243723000 6.988193
1666265367.739724000 7.0181837
1666265370.239690000 7.1745677
1666265372.569352000 7.0587144
1666265373.481501000 7.089951
1666265374.387879000 7.0368967
1666265375.321646000 6.9640017
1666265376.186721000 6.9448009
1666265377.108295000 7.1005039
1666265377.931757000 7.0156498
1666265378.707128000 7.0510397
1666265379.608513000 6.9436097
1666265380.436358000 6.9244394
1666265381.206752000 6.992897
1666265382.142791000 7.0685968
1666265382.910123000 6.9957647
1666265383.882371000 7.2377033
1666265384.848466000 7.1147504
1666265385.609639000 7.1428223
1666265386.462713000 7.1355534
1666265387.308875000 6.9876328
1666265388.066434000 7.0675845
1666265388.958248000 7.1346231
1666265389.771643000 7.0163674
1666265390.541766000 7.0452628
1666265391.327778000 7.0367222
1666265392.083551000 7.1455865
1666265393.217659000 7.0364113
1666265394.104774000 7.0616674
1666265394.921793000 7.1386266
1666265395.790703000 7.1508656
1666265396.571303000 7.0298405
1666265397.326604000 7.1312757
1666265398.117091000 7.1502256
1666265398.890377000 7.1263952
1666265399.745957000 7.0107007
1666265400.502465000 7.0289235
1666265401.300840000 6.9740529
1666265402.070052000 6.917974
1666265402.853200000 7.1074624
1666265403.691634000 7.1422834
1666265404.475087000 7.1430774
1666265405.351607000 6.9989457
1666265406.233765000 6.9974542
1666265407.158529000 7.137609
1666265407.979620000 7.0607324
1666265408.900539000 7.0343399
1666265409.904374000 7.1052418
1666265410.726715000 7.0586524
1666265411.708770000 7.108799
1666265412.591613000 7.1265197
1666265413.403717000 6.9716182
1666265414.326905000 7.0270534
1666265415.283920000 6.9224157
1666265416.166479000 7.1141706
1666265417.142794000 7.1642361
1666265417.958124000 7.1479993
1666265418.743033000 7.1792135
1666265419.566393000 7.0730286
1666265420.404344000 6.9100089
1666265421.162697000 6.9810719
1666265421.935330000 6.973227
1666265422.706999000 6.8429918
1666265423.536804000 7.1194034
1666265424.408794000 7.1037545
1666265425.174683000 7.2533684
1666265425.937233000 7.0781398
1666265427.475982000 7.1056356
1666265428.356845000 7.2208285
1666265429.180150000 7.0740938
1666265430.128632000 7.0851493
1666265431.046619000 7.1112084
1666265431.984732000 7.1146665
1666265433.006620000 7.138001
1666265434.052461000 7.0170317
1666265435.638989000 7.066452
1666265436.558856000 7.1595583
1666265437.381310000 7.0671401
1666265438.253285000 7.1329203
1666265439.132520000 7.0720811
1666265439.894705000 7.0553555
1666265440.685490000 7.2522388
1666265441.580132000 7.1096449
1666265442.537512000 7.0191627
1666265443.569620000 7.0991673
1666265444.955631000 7.0047498
1666265446.111082000 7.1500926
1666265447.221513000 7.068995
1666265448.529316000 7.0816627
1666265449.488753000 7.1440444
1666265450.416694000 7.2825332
1666265451.431056000 7.1215496
1666265452.590060000 7.1217694
1666265453.360688000 7.1439853
1666265454.369666000 7.123414
1666265455.340522000 7.0299144
1666265456.111229000 7.0735707
1666265456.910878000 7.1278524
1666265457.757512000 7.1222701
1666265458.524353000 7.2482691
1666265459.489409000 7.0183845
1666265460.339366000 7.0668736
1666265461.117495000 7.0140858
1666265462.098152000 7.1771336
1666265463.111473000 7.080184
1666265463.882559000 7.1430244
1666265464.651668000 7.1555996
1666265465.484543000 7.1726494
1666265466.404163000 7.1647797
1666265467.412839000 7.1970606
1666265468.502236000 7.1209455
1666265469.861937000 7.1592703
1666265470.865201000 7.0711732
1666265471.840942000 7.2742596
1666265472.822373000 7.1406527
1666265473.902675000 7.1869674
1666265475.088787000 7.1205783
1666265476.498343000 6.9962578
1666265477.384540000 7.1370764
1666265478.271228000 7.1495581
1666265479.563837000 7.2055221
1666265480.380814000 7.2793221
1666265481.142037000 7.0910497
1666265481.901650000 7.067687
1666265482.662667000 7.1114039
1666265483.708982000 6.8978109
1666265485.575837000 7.122097
1666265486.423599000 7.1493235
1666265487.305545000 7.1877275
1666265488.305254000 7.1787372
1666265489.317344000 7.2142625
1666265490.960809000 7.2109752
1666265492.071005000 7.2492728
1666265493.540514000 7.2387834
1666265494.363274000 7.0622511
1666265495.250863000 7.1099973
1666265496.026116000 7.1344919
1666265497.557891000 7.0305033
1666265498.387504000 7.1652455
1666265499.594943000 7.0802464
1666265500.562029000 7.1339788
1666265501.600300000 7.246757
1666265502.498458000 7.3642144
1666265503.466067000 7.2028251
1666265504.431396000 7.212194
1666265505.372735000 7.2355795
1666265506.233163000 7.1175323
1666265507.302715000 7.123909
1666265508.196412000 7.082397
1666265508.968017000 7.1157947
1666265510.131524000 7.1445022
1666265511.281934000 7.1856341
1666265512.359109000 7.1121287
1666265513.240134000 7.1543126
1666265514.007303000 7.1888528
1666265514.872625000 7.1082253
1666265515.633979000 7.1178589
1666265516.449802000 7.1907253
1666265517.394016000 7.0890956
1666265518.301311000 7.2371225
1666265519.206764000 7.0987992
1666265520.063749000 7.1587787
1666265520.944242000 7.1412601
1666265521.820467000 7.0000167
1666265522.662789000 7.1588593
1666265523.493107000 7.1536341
1666265524.320665000 7.304986
1666265525.162750000 7.1966991
1666265526.227941000 7.1659021
1666265527.162435000 7.2612667
1666265528.206748000 7.1515517
1666265529.061290000 7.1453323
1666265530.138715000 6.9321651
1666265530.908556000 7.1734509
1666265531.881870000 7.183352
1666265533.086495000 7.1938558
1666265534.203307000 7.2440577
1666265535.077485000 7.1005912
1666265535.886693000 7.1092906
1666265536.672697000 7.1706119
1666265537.751027000 7.2144685
1666265538.924056000 7.2209263
1666265540.114447000 7.1712279
1666265541.416346000 7.1169186
1666265542.573744000 7.0939889
1666265543.711287000 7.1297307
1666265544.783858000 7.1908522
1666265545.907382000 7.1141696
1666265546.904927000 7.2470832
1666265547.721325000 7.122324
1666265548.538015000 7.1347017
1666265549.409428000 7.0431232
1666265550.211163000 7.1759553
1666265551.010470000 7.1531386
1666265551.768788000 7.2685246
1666265552.536323000 7.1691303
1666265553.503693000 7.1426969
1666265554.391849000 7.3063908
1666265556.028495000 7.0897388
1666265556.993193000 7.0163403
1666265557.875169000 7.1312652
1666265559.336811000 7.0569172
1666265560.225269000 7.1246119
1666265561.745448000 7.2379093
1666265562.962017000 7.2116823
1666265564.120478000 7.0859013
1666265565.232972000 7.1178055
1666265566.413465000 7.2568669
1666265567.421207000 7.1634078
1666265568.303764000 7.1606455
1666265569.526047000 7.2757578
1666265570.346579000 7.0477819
1666265571.454322000 7.2674694
1666265572.364484000 7.1318593
1666265573.281827000 7.2358351
1666265574.356307000 7.0831161
1666265575.245304000 7.2301545
1666265576.194905000 7.2643976
1666265577.276286000 7.2136126
1666265578.078409000 7.1506925
1666265579.076856000 7.149262
1666265579.896687000 7.1708894
1666265580.656232000 7.1437602
1666265581.633356000 7.1977148
1666265582.707355000 7.1822615
1666265583.471319000 7.0597978
1666265584.292847000 7.1319866
1666265585.109471000 7.1931624
1666265586.018616000 7.1732416
1666265586.773584000 7.1663585
1666265587.538627000 7.1321306
1666265588.346534000 7.1387939
1666265590.268776000 7.0624723
1666265591.317205000 7.2571301
1666265592.369547000 7.1910796
1666265593.486078000 7.1080208
1666265594.722147000 7.0399208
1666265595.972997000 7.2013245
1666265597.164399000 7.1484957
1666265598.121142000 7.0816045
1666265599.019989000 7.2601604
1666265600.370067000 7.2944655
1666265601.191763000 7.0614142
1666265602.012220000 7.1078362
1666265603.258833000 7.1817369
1666265604.142768000 7.178833
1666265604.908614000 7.1739902
1666265606.399508000 7.3265657
1666265607.211541000 7.0987148
1666265608.344392000 7.1565256
1666265609.217866000 7.0441885
1666265610.037351000 7.2277513
1666265611.104437000 7.1644568
1666265611.950790000 7.1033273
1666265612.765527000 7.201097
1666265613.766303000 7.1752515
1666265614.919325000 7.0528026
1666265615.770446000 7.0944705
1666265616.684801000 7.1038866
1666265617.752242000 7.0205541
1666265618.695137000 7.1506801
1666265619.804127000 7.1206961
1666265621.006926000 7.2009625
1666265622.148351000 7.0761065
1666265623.241661000 7.194478
1666265624.350065000 7.2608142
1666265625.231772000 7.0068049
1666265626.103212000 7.1805172
1666265626.998845000 7.0072064
1666265627.833663000 7.1137705
1666265628.705141000 7.2601104
1666265629.556980000 7.155221
1666265630.423960000 7.1369877
1666265631.699990000 7.2090254
1666265632.712419000 7.1502957
1666265633.786469000 7.1704712
1666265635.087456000 7.2077928
1666265636.260101000 7.1295929
1666265637.327689000 7.2628999
1666265638.616360000 7.1688967
1666265639.827932000 7.2227964
1666265641.006386000 7.2257066
1666265642.230656000 7.1364121
1666265643.346556000 7.0683618
1666265644.504937000 7.1559238
1666265645.867140000 7.0967712
1666265647.256141000 7.2712302
1666265648.480448000 7.2322245
1666265649.803010000 7.0704041
1666265650.629773000 7.0819588
1666265651.867861000 6.9774027
1666265652.626863000 7.1332688
1666265653.936485000 7.222508
1666265655.315186000 7.1157236
1666265656.690708000 7.0368447
1666265657.526629000 7.3068609
1666265659.490148000 7.2610497
1666265660.390675000 7.1862345
1666265661.555251000 7.1901155
1666265662.318530000 7.2230253
1666265663.259726000 7.2625594
1666265664.380537000 7.1845102
1666265665.367456000 7.1868925
1666265666.455176000 6.9987898
1666265667.411677000 7.2198629
1666265668.303863000 7.13832
1666265669.222768000 7.0644398
1666265670.081538000 7.1875811
1666265671.020490000 7.3229799
1666265671.903806000 7.1094928
1666265672.670744000 7.2580056
1666265673.488911000 7.111269
1666265674.916641000 7.0429134
1666265675.998030000 7.1387353
1666265677.441165000 7.1460748
1666265678.599769000 7.0092754
1666265679.925521000 7.1052418
1666265680.748865000 7.0688782
1666265681.585670000 7.1955943
1666265682.993537000 7.2886543
1666265684.465297000 7.1722746
1666265685.955187000 7.0315237
1666265687.262725000 7.2265015
1666265688.447724000 7.1081982
1666265689.774351000 7.0842695
1666265690.729333000 7.1103973
1666265691.621377000 7.0763755
1666265692.521217000 7.0883613
1666265693.438126000 7.0800514
1666265694.362816000 7.2084413
1666265695.289341000 7.0874214
1666265696.190767000 7.2096076
1666265697.104467000 7.2141728
1666265698.004726000 7.1003327
1666265698.913998000 7.1284471
1666265699.679660000 7.1555772
1666265700.807631000 7.2175241
1666265701.868717000 7.2006798
1666265702.859836000 7.2507639
1666265703.759351000 7.2333021
1666265704.773337000 7.1878653
1666265705.782427000 7.1062737
1666265706.842548000 7.1429811
1666265707.861626000 7.15976
1666265708.903007000 7.1607184
1666265710.050472000 7.2681546
1666265710.955042000 7.2878799
1666265712.888089000 7.3312039
1666265714.142211000 7.1713667
1666265715.188462000 7.1093493
1666265716.251711000 7.2348289
1666265717.347224000 7.1522017
1666265718.395348000 7.2117248
1666265719.531930000 7.3213067
1666265720.585262000 7.0309176
1666265721.447286000 7.1556945
1666265722.264889000 7.2594018
1666265723.108995000 7.2192302
1666265723.935815000 7.176702
1666265724.712422000 7.2407928
1666265725.485804000 7.2325439
1666265726.262938000 7.2471952
1666265727.092516000 7.220324
1666265728.229861000 7.1197329
1666265729.104328000 7.1842461
1666265729.924931000 7.229351
1666265730.846327000 7.1266403
1666265731.688509000 7.2694039
1666265732.618104000 7.1022472
1666265733.482418000 7.1447349
1666265734.377831000 7.1870484
1666265735.242832000 7.0626383
1666265736.121864000 7.0965104
1666265736.965853000 7.1602416
1666265737.882833000 7.1943989
1666265738.756370000 7.1949668
1666265739.718907000 7.2543068
1666265741.087262000 7.2662983
1666265742.225554000 7.1749344
1666265743.477246000 7.0536275
1666265744.630235000 7.1890588
1666265745.787256000 7.3248205
1666265746.987732000 7.1801949
1666265748.113001000 7.0157657
1666265749.243946000 7.1783342
1666265750.139995000 7.1640668
1666265750.942672000 7.2798362
1666265751.861535000 7.0791407
1666265752.782831000 7.0716395
1666265753.986389000 7.2326708
1666265757.013968000 7.2113791
1666265760.146287000 7.2575316
1666265761.095200000 7.1117187
1666265761.977688000 7.2433147
1666265762.794360000 7.2047195
1666265763.716455000 7.2801332
1666265764.609408000 7.1862602
1666265765.435281000 7.0321789
1666265766.363950000 7.1256847
1666265767.179065000 7.210691
1666265767.985882000 7.2464666
1666265768.853833000 7.086194
1666265769.619363000 7.2005296
1666265770.999739000 7.1142468
1666265771.953376000 7.0251737
1666265772.905851000 7.2154622
1666265773.727455000 7.1930933
1666265774.638582000 7.227797
1666265775.609757000 7.2418327
1666265776.428214000 7.1141267
1666265777.359363000 7.1193352
1666265778.319166000 7.2276092
1666265779.134626000 7.0910888
1666265780.065593000 7.0240951
1666265780.980281000 7.2450166
1666265781.796340000 7.1172862
1666265783.068001000 7.1665888
1666265783.955139000 7.1775513
1666265784.914344000 7.0972242
1666265785.747181000 7.0877438
1666265786.634961000 7.1442132
1666265787.631405000 7.2421389
1666265788.446646000 7.1131892
1666265789.320685000 7.0956974
1666265790.310995000 7.190733
1666265791.139738000 7.2868366
1666265792.035800000 7.2128892
1666265793.022359000 7.228529
1666265793.854250000 7.2112284
1666265794.942452000 7.0977774
1666265795.769709000 7.1240921
1666265796.576718000 7.1365991
1666265797.437640000 7.1166883
1666265798.263585000 7.1482348
1666265799.023507000 7.0150642
1666265799.783454000 7.2864652
1666265800.551658000 7.2460985
1666265801.429369000 7.217308
1666265802.228030000 7.1174655
1666265802.984220000 7.2216172
1666265803.740418000 7.2033696
1666265804.500502000 7.0942273
1666265805.754175000 7.2096238
1666265806.574086000 7.2308941
1666265807.368720000 7.1118464
1666265808.251254000 7.2169142
1666265809.011591000 7.2542109
1666265809.840616000 7.1340103
1666265810.610653000 7.1566467
1666265811.452780000 7.0900507
1666265812.276759000 7.3303561
1666265813.052774000 7.1940198
1666265813.884435000 7.1903028
1666265814.701099000 7.2051368
1666265815.505394000 7.1653743
1666265816.339599000 7.0652337
1666265817.141345000 7.1228814
1666265818.018057000 7.1982374
1666265818.888717000 7.1223769
1666265819.654940000 7.2072463
1666265820.423535000 7.3737264
1666265821.312305000 7.0801134
1666265822.109233000 7.0863814
1666265822.876193000 7.1275434
1666265823.630957000 7.1062422
1666265824.395279000 7.1668458
1666265825.223112000 7.098001
1666265826.007053000 7.2139816
1666265826.882480000 7.2602482
1666265827.656480000 7.2497506
1666265829.218447000 7.2015967
1666265830.090669000 7.3414335
1666265830.918964000 7.2560043
1666265831.741973000 7.1214662
1666265832.662156000 7.1791306
1666265833.426386000 7.2270846
1666265834.194704000 7.3016901
1666265835.024139000 7.1187959
1666265835.868486000 7.3409252
1666265836.624930000 7.1002703
1666265837.391842000 7.1810036
1666265838.161993000 7.1390462
1666265838.994099000 7.2789316
1666265839.849230000 7.2424369
1666265840.666737000 7.3338599
1666265842.086387000 7.2285995
1666265842.907097000 7.176384
1666265843.747359000 7.2055387
1666265844.592610000 7.1959167
1666265845.363161000 7.3325887
1666265846.211330000 7.1213093
1666265847.027058000 7.2049193
1666265847.894104000 7.1105361
1666265848.655635000 7.0419922
1666265849.422120000 7.128324
1666265850.351660000 7.0352902
1666265851.217638000 7.1509724
1666265852.719323000 7.1885366
1666265853.799885000 7.1292467
1666265854.618633000 7.1625257
1666265855.505302000 7.2248058
1666265856.511758000 7.0793543
1666265857.277945000 7.0965056
1666265858.090095000 7.131289
1666265858.917492000 7.1097274
1666265859.765256000 7.2423358
1666265860.948142000 7.0608401
1666265862.283870000 7.1826496
1666265863.298132000 7.1790271
1666265864.177965000 7.1370096
1666265865.274262000 7.2214456
1666265866.350975000 7.1212802
1666265867.459467000 7.2309108
1666265868.856133000 7.1187973
1666265869.943136000 7.1841011
1666265871.019786000 7.1295724
1666265872.458442000 7.1310601
1666265873.360710000 7.2761822
1666265874.174788000 7.240222
1666265875.349402000 7.2098293
1666265876.160917000 7.0923452
1666265877.004856000 7.0482464
1666265877.763744000 7.2075524
1666265878.612681000 7.1387887
1666265879.601902000 7.2178078
1666265880.363392000 7.2508535
1666265881.130813000 7.2230387
1666265882.016087000 7.1763053
1666265882.951792000 7.0651894
1666265883.713817000 7.0320244
1666265884.531981000 7.1579366
1666265885.399397000 7.1749458
1666265886.216509000 7.0399332
1666265887.044853000 7.1886802
1666265887.981028000 7.1277213
1666265888.899591000 7.2420521
1666265890.073655000 7.1547585
1666265890.860123000 7.1400318
1666265891.619992000 7.1564155
1666265893.949051000 7.2189417
1666265896.131919000 7.1720099
1666265897.064963000 7.1452394
1666265897.986593000 7.2774758
1666265898.811516000 7.1048255
1666265899.655733000 7.0770574
1666265900.491523000 7.1746449
1666265901.245502000 7.2262716
1666265902.100478000 7.0429678
1666265902.884263000 7.1038537
1666265903.715865000 7.0551457
1666265904.480796000 7.1354671
1666265905.351608000 7.2354345
1666265906.295620000 7.1316838
1666265907.276912000 7.0374928
1666265908.141628000 7.2629676
1666265909.076422000 7.2729931
1666265909.955776000 7.1685362
1666265910.782082000 7.1770639
1666265911.726805000 7.2048941
1666265912.515805000 7.1071849
1666265913.285345000 7.1452732
1666265914.041658000 7.0469279
1666265914.855601000 7.1592665
1666265915.732714000 7.1392035
1666265917.109876000 7.1458788
1666265917.985423000 7.0393381
1666265918.862398000 7.2480092
1666265919.619916000 7.143445
1666265920.377048000 7.0643268
1666265921.143694000 7.1110067
1666265921.904054000 7.0188718
1666265922.720030000 7.1651673
1666265923.503769000 7.0664697
1666265924.287470000 7.0872502
1666265925.065741000 7.2010522
1666265926.747876000 7.3256626
1666265927.663273000 7.3131938
1666265928.521627000 7.1714249
1666265929.522214000 7.1612434
1666265930.542122000 6.934773
1666265931.615669000 7.2287674
1666265932.430379000 7.2169147
1666265933.218483000 7.0615177
1666265934.183855000 7.0692844
1666265934.946846000 7.1386499
1666265935.771860000 7.1785951
1666265936.630107000 7.3059559
1666265937.551483000 7.1386485
1666265938.422272000 7.108767
1666265939.420556000 7.1120062
1666265940.285595000 7.2253332
1666265941.137685000 7.195735
1666265944.099040000 7.1228318
1666265945.722143000 7.0443597
1666265946.562629000 7.1266322
1666265947.386114000 7.1400971
1666265948.281959000 7.1927204
1666265949.317354000 7.0996003
1666265950.140781000 7.2324786
1666265951.048115000 7.2360439
1666265952.006680000 7.2398481
1666265952.824229000 7.1904263
1666265953.740359000 7.2109828
1666265954.704945000 7.12433
1666265955.528500000 7.2595353
1666265956.409903000 7.1307254
1666265957.762389000 7.1091332
1666265960.060742000 7.1495094
1666265960.863643000 7.0943227
1666265962.322438000 7.1325016
1666265963.146162000 7.1931129
1666265964.051354000 7.1131706
1666265964.817073000 7.2549386
1666265965.660417000 7.1884513
1666265966.496494000 7.0656033
1666265967.249029000 7.0349445
1666265968.072956000 7.2080493
1666265968.834896000 7.238369
1666265969.685811000 7.0276628
1666265970.525209000 7.2447605
1666265971.309273000 7.1629229
1666265972.391278000 7.010911
1666265973.297374000 7.1196222
1666265974.127111000 7.2992325
1666265975.037692000 7.1968246
1666265976.022695000 7.1680136
1666265976.896662000 7.255805
1666265977.925496000 7.1018581
1666265978.706838000 7.0260148
1666265979.517809000 7.1258359
1666265980.471032000 6.9961147
1666265981.437995000 7.2173805
1666265982.385143000 7.2416015
1666265983.883420000 7.1331034
1666265984.765790000 7.0024662
1666265985.713473000 7.0925698
1666265986.653402000 7.2286201
1666265987.410192000 7.2006583
1666265988.414631000 7.0534835
1666265989.187124000 7.1020746
1666265989.945646000 7.1327319
1666265990.792284000 7.1788831
1666265991.638627000 7.251503
1666265992.398672000 7.2035131
1666265993.160486000 7.1187315
1666265994.126475000 7.0535665
1666265994.976782000 7.153585
1666265995.830883000 7.2484064
1666265996.583912000 7.2506495
1666265997.458287000 7.1936455
1666265998.354839000 7.2261462
1666266000.479451000 7.0999231
1666266001.391750000 7.2656436
1666266003.118858000 7.1498241
1666266003.949649000 7.0244074
1666266004.826352000 7.1859388
1666266005.834740000 7.1720047
1666266006.728030000 7.0097895
1666266007.539523000 7.1910834
1666266008.466213000 7.1513271
1666266009.465578000 7.2158465
1666266010.290145000 7.1584907
1666266011.207941000 7.12955
1666266012.027810000 7.0981922
1666266012.794187000 7.1656442
1666266013.557601000 7.2363424
1666266014.327525000 7.1020417
1666266015.290050000 7.251647
1666266016.225784000 7.2700915
1666266017.066020000 7.1999378
1666266018.109473000 7.1413407
1666266019.008584000 7.1589131
1666266019.884837000 7.180006
1666266020.795259000 7.1546249
1666266021.614347000 7.0674424
1666266022.387733000 7.1843314
1666266023.298425000 7.3005719
1666266024.120931000 7.3379197
1666266024.873739000 7.2539272
1666266025.659625000 7.1417251
1666266027.130016000 7.1292887
1666266028.006501000 7.1900511
1666266028.870593000 7.1018853
1666266029.959277000 7.145967
1666266030.713299000 7.3489337
1666266031.581303000 6.9979963
1666266032.401332000 7.1854439

